2450		1.24607e-14		
2499.01		1.24229e-14		
2549		1.23843e-14		
2599.99		1.2345e-14		
2652		1.23049e-14		
2705.06		1.22639e-14		
2759.17		1.2205e-14		
2814.37		1.21441e-14		
2870.67		1.20819e-14		
2928.09		1.20186e-14		
2986.67		1.19539e-14		
3046.41		1.18758e-14		
3107.35		1.1795e-14		
3169.52		1.17126e-14		
3232.92		1.16286e-14		
3297.59		1.15428e-14		
3363.56		1.14468e-14		
3430.85		1.13473e-14		
3499.48		1.12458e-14		
3569.48		1.11423e-14		
3640.89		1.10367e-14		
3713.72		1.09264e-14		
3788.01		1.08133e-14		
3863.79		1.0698e-14		
3941.08		1.05803e-14		
4019.92		1.04603e-14		
4100.34		1.03396e-14		
4182.36		1.0217e-14		
4266.03		1.0092e-14		
4351.37		9.96446e-15		
4438.41		9.83439e-15		
4527.2		9.70663e-15		
4617.77		9.57861e-15		
4710.14		9.44802e-15		
4804.37		9.31483e-15		
4900.48		9.17897e-15		
4998.51		9.04847e-15		
5098.5		8.91971e-15		
5200.49		8.78837e-15		
5304.52		8.6544e-15		
5410.64		8.51775e-15		
5518.87		8.38738e-15		
5629.28		8.26046e-15		
5741.89		8.13101e-15		
5856.75		7.99896e-15		
5973.91		7.86428e-15		
6093.42		7.73632e-15		
6215.31		7.61348e-15		
6339.65		7.48819e-15		
6466.47		7.36039e-15		
6595.82		7.23003e-15		
6727.77		7.10638e-15		
6862.36		6.98968e-15		
6999.63		6.87064e-15		
7139.66		6.74922e-15		
7282.48		6.62537e-15		
7428.16		6.50734e-15		
7576.76		6.39718e-15		
7728.33		6.28482e-15		
7882.93		6.17021e-15		
8040.62		6.05331e-15		
8201.47		5.94119e-15		
8365.54		5.83823e-15		
8532.88		5.73322e-15		
8703.58		5.62611e-15		
8877.69		5.51685e-15		
9055.28		5.41164e-15		
9236.43		5.31638e-15		
9421.2		5.21921e-15		
9609.66		5.12009e-15		
9801.9		5.01899e-15		
9997.98		4.92087e-15		
10198		4.83281e-15		
10402		4.74299e-15		
10610.1		4.65137e-15		
10822.3		4.55792e-15		
11038.8		4.46663e-15		
11259.6		4.38616e-15		
11484.9		4.30408e-15		
11714.6		4.22036e-15		
11949		4.13496e-15		
12188		4.05057e-15		
12431.8		3.97616e-15		
12680.5		3.90026e-15		
12934.2		3.82285e-15		
13192.9		3.74389e-15		
13456.8		3.66538e-15		
13726		3.59762e-15		
14000.6		3.5285e-15		
14280.7		3.45799e-15		
14566.4		3.38608e-15		
14857.8		3.31397e-15		
15155		3.25237e-15		
15458.2		3.18955e-15		
15767.4		3.12547e-15		
16082.8		3.06011e-15		
16404.5		2.99396e-15		
16732.7		2.93802e-15		
17067.4		2.88097e-15		
17408.8		2.82277e-15		
17757.1		2.76341e-15		
18112.3		2.70286e-15		
18474.6		2.65191e-15		
18844.2		2.60004e-15		
19221.2		2.54713e-15		
19605.7		2.49316e-15		
19997.9		2.43811e-15		
20397.9		2.39129e-15		
20806		2.34413e-15		
21222.2		2.29602e-15		
21646.7		2.24695e-15		
22079.8		2.1969e-15		
22521.5		2.154e-15		
22972		2.11127e-15		
23431.5		2.06769e-15		
23900.3		2.02323e-15		
24378.4		1.97789e-15		
24866.1		1.93848e-15		
25363.5		1.89961e-15		
25870.9		1.85996e-15		
26388.4		1.81951e-15		
26916.3		1.77826e-15		
27454.7		1.7423e-15		
28004		1.70716e-15		
28564.2		1.67133e-15		
29135.6		1.63478e-15		
29718.4		1.5975e-15		
30312.9		1.56475e-15		
30919.3		1.53311e-15		
31537.8		1.50084e-15		
32168.7		1.46793e-15		
32812.2		1.43436e-15		
33468.6		1.40406e-15		
34138.2		1.37509e-15		
34821.1		1.34555e-15		
35517.6		1.31541e-15		
36228.2		1.28467e-15		
36952.9		1.25712e-15		
37692.1		1.23108e-15		
38446.1		1.20452e-15		
39215.2		1.17743e-15		
39999.7		1.1498e-15		
40799.9		1.12458e-15		
41616		1.10094e-15		
42448.5		1.07683e-15		
43297.7		1.05224e-15		
44163.8		1.02716e-15		
45047.3		1.00413e-15		
45948.5		9.82824e-16		
46867.6		9.61089e-16		
47805.2		9.3892e-16		
48761.5		9.16307e-16		
49737		8.95212e-16		
50731.9		8.75878e-16		
51746.8		8.56158e-16		
52781.9		8.36044e-16		
53837.8		8.15527e-16		
54914.8		7.96321e-16		
56013.4		7.78951e-16		
57133.9		7.61234e-16		
58276.8		7.43162e-16		
59442.6		7.24728e-16		
60631.7		7.07262e-16		
61844.6		6.91607e-16		
63081.8		6.75639e-16		
64343.7		6.59351e-16		
65630.9		6.42738e-16		
66943.8		6.26913e-16		
68282.9		6.1296e-16		
69648.9		5.98727e-16		
71042.2		5.84209e-16		
72463.3		5.69402e-16		
73912.9		5.55124e-16		
75391.5		5.42678e-16		
76899.7		5.29982e-16		
78438		5.17033e-16		
80007.1		5.03825e-16		
81607.6		4.9094e-16		
83240.1		4.79822e-16		
84905.3		4.68482e-16		
86603.8		4.56914e-16		
88336.2		4.45116e-16		
90103.4		4.33549e-16		
91905.8		4.2379e-16		
93744.4		4.13835e-16		
95619.7		4.03681e-16		
97532.5		3.93324e-16		
99483.6		3.83049e-16		
101474		3.745e-16		
103504		3.6578e-16		
105574		3.56886e-16		
107686		3.47813e-16		
109840		3.38716e-16		
112038		3.31205e-16		
114279		3.23544e-16		
116565		3.15729e-16		
118897		3.07758e-16		
121275		2.99682e-16		
123701		2.93163e-16		
126176		2.86513e-16		
128700		2.79731e-16		
131274		2.72813e-16		
133901		2.65756e-16		
136579		2.60058e-16		
139311		2.54285e-16		
142098		2.48396e-16		
144941		2.4239e-16		
147840		2.36263e-16		
150798		2.31239e-16		
153814		2.26211e-16		
156891		2.21083e-16		
160030		2.15852e-16		
163231		2.10517e-16		
166496		2.06081e-16		
169827		2.01702e-16		
173224		1.97235e-16		
176690		1.92679e-16		
180224		1.88031e-16		
183829		1.84126e-16		
187507		1.80316e-16		
191258		1.7643e-16		
195084		1.72466e-16		
198986		1.68423e-16		
202967		1.64966e-16		
207027		1.61635e-16		
211169		1.58237e-16		
215393		1.5477e-16		
219702		1.51235e-16		
224097		1.48178e-16		
228580		1.45268e-16		
233152		1.423e-16		
237816		1.39273e-16		
242574		1.36185e-16		
247426		1.33457e-16		
252376		1.3088e-16		
257425		1.28252e-16		
262574		1.25571e-16		
267827		1.22837e-16		
273185		1.20409e-16		
278650		1.18138e-16		
284224		1.15822e-16		
289910		1.1346e-16		
295709		1.1105e-16		
301625		1.02813e-06		
307658		2.82131e-06		
313813		4.65036e-06		
320091		6.516e-06		
326494		8.41896e-06		
333025		1.64053e-05		
339687		2.98916e-05		
346482		4.36476e-05		
353414		5.76789e-05		
360483		7.19908e-05		
367695		0.000120942		
375050		0.000210599		
382553		0.00030205		
390206		0.00039533		
398011		0.000490476		
405973		0.000758735		
414095		0.00126211		
422378		0.00177556		
430828		0.00229928		
439446		0.00283347		
448237		0.00400065		
457204		0.00623858		
466350		0.00852127		
475679		0.0108496		
485195		0.0132246		
494901		0.0177671		
504801		0.0268265		
514899		0.0360672		
525200		0.0454926		
535706		0.0551067		
546422		0.0702976		
557353		0.099839		
568503		0.129971		
579875		0.160706		
591475		0.192056		
603308		0.235942		
615376		0.324536		
627687		0.414902		
640243		0.507075		
653051		0.601093		
666115		0.717916		
679440		0.944539		
693032		1.1757		
706896		1.41148		
721037		1.65197		
735461		1.93043		
750173		2.47003		
765180		3.02042		
780487		3.58182		
796100		4.15446		
812025		4.77296		
828270		5.88858		
844839		7.02651		
861739		8.18721		
878978		9.37112		
896561		10.5974		
914496		12.7851		
932790		15.0165		
951450		17.2925		
970484		19.6141		
989898		21.9821		
1.0097e+06		25.7332		
1.0299e+06		29.6046		
1.0505e+06		33.5535		
1.07152e+06		37.5814		
1.09295e+06		41.6899		
1.11481e+06		47.6951		
1.13712e+06		53.9774		
1.15986e+06		60.3854		
1.18307e+06		66.9215		
1.20673e+06		73.5884		
1.23087e+06		82.4064		
1.25549e+06		91.7016		
1.28061e+06		101.183		
1.30623e+06		110.853		
1.33236e+06		120.718		
1.35901e+06		133.097		
1.3862e+06		146.249		
1.41393e+06		159.665		
1.44221e+06		173.349		
1.47106e+06		187.307		
1.50049e+06		204.002		
1.53051e+06		221.78		
1.56112e+06		239.914		
1.59235e+06		258.41		
1.62421e+06		277.277		
1.6567e+06		297.212		
1.68984e+06		317.825		
1.72365e+06		338.851		
1.75813e+06		360.296		
1.7933e+06		382.171		
1.82917e+06		404.576		
1.86576e+06		427.475		
1.90309e+06		450.832		
1.94116e+06		474.657		
1.97999e+06		498.958		
2.0196e+06		522.676		
2.06e+06		546.2		
2.10121e+06		570.194		
2.14324e+06		594.669		
2.18611e+06		619.633		
2.22985e+06		643.039		
2.27445e+06		665.319		
2.31995e+06		688.045		
2.36636e+06		711.225		
2.4137e+06		734.869		
2.46198e+06		756.402		
2.51123e+06		775.903		
2.56147e+06		795.796		
2.61271e+06		816.085		
2.66498e+06		836.781		
2.71829e+06		854.889		
2.77266e+06		870.077		
2.82813e+06		885.569		
2.88471e+06		901.371		
2.94241e+06		917.489		
3.00127e+06		931.467		
3.06131e+06		942.209		
3.12255e+06		953.165		
3.18502e+06		964.34		
3.24873e+06		975.739		
3.31372e+06		985.356		
3.38001e+06		991.515		
3.44763e+06		997.797		
3.51659e+06		1004.2		
3.58694e+06		1010.74		
3.6587e+06		1015.85		
3.73189e+06		1017.68		
3.80654e+06		1019.55		
3.88269e+06		1021.45		
3.96036e+06		1023.39		
4.03958e+06		1024.41		
4.12039e+06		1022.82		
4.20282e+06		1021.2		
4.28689e+06		1019.55		
4.37265e+06		1017.86		
4.46012e+06		1015.52		
4.54935e+06		1010.71		
4.64035e+06		1005.8		
4.73318e+06		1000.79		
4.82786e+06		995.689		
4.92444e+06		990.203		
5.02295e+06		983.026		
5.12344e+06		975.705		
5.22593e+06		968.238		
5.33047e+06		960.621		
5.4371e+06		952.78		
5.54587e+06		944.237		
5.65681e+06		935.524		
5.76997e+06		926.636		
5.8854e+06		917.57		
6.00313e+06		908.319		
6.12322e+06		898.824		
6.24571e+06		889.138		
6.37065e+06		879.259		
6.49809e+06		869.182		
6.62808e+06		858.906		
6.76068e+06		848.681		
6.89592e+06		838.252		
7.03387e+06		827.615		
7.17458e+06		816.764		
7.3181e+06		805.697		
7.46449e+06		795.257		
7.61382e+06		784.638		
7.76613e+06		773.807		
7.92148e+06		762.76		
8.07995e+06		751.491		
8.24158e+06		741.002		
8.40645e+06		730.407		
8.57462e+06		719.599		
8.74615e+06		708.576		
8.92111e+06		697.332		
9.09957e+06		687.045		
9.2816e+06		676.738		
9.46728e+06		666.224		
9.65666e+06		655.5		
9.84984e+06		644.562		
1.00469e+07		634.531		
1.02479e+07		624.576		
1.04529e+07		614.423		
1.0662e+07		604.066		
1.08753e+07		593.503		
1.10928e+07		583.849		
1.13147e+07		574.359		
1.15411e+07		564.679		
1.17719e+07		554.806		
1.20074e+07		544.735		
1.22476e+07		535.557		
1.24926e+07		526.665		
1.27425e+07		517.595		
1.29974e+07		508.343		
1.32575e+07		498.907		
1.35227e+07		490.258		
1.37932e+07		481.949		
1.40691e+07		473.474		
1.43505e+07		464.829		
1.46376e+07		456.011		
1.49304e+07		447.913		
1.52291e+07		440.234		
1.55338e+07		432.402		
1.58445e+07		424.413		
1.61615e+07		416.264		
1.64848e+07		408.748		
1.68145e+07		401.729		
1.71509e+07		394.569		
1.7494e+07		387.266		
1.7844e+07		379.817		
1.82009e+07		372.892		
1.8565e+07		366.494		
1.89364e+07		359.969		
1.93152e+07		353.313		
1.97016e+07		346.523		
2.00957e+07		340.149		
2.04977e+07		334.319		
2.09078e+07		328.372		
2.1326e+07		322.306		
2.17526e+07		316.119		
2.21878e+07		310.278		
2.26316e+07		305.017		
2.30844e+07		299.651		
2.35461e+07		294.178		
2.40172e+07		288.596		
2.44976e+07		283.287		
2.49877e+07		278.579		
2.54876e+07		273.777		
2.59974e+07		268.88		
2.65175e+07		263.884		
2.70479e+07		259.112		
2.7589e+07		254.938		
2.81409e+07		250.679		
2.87039e+07		246.336		
2.92781e+07		241.906		
2.98638e+07		237.595		
3.04612e+07		233.841		
3.10705e+07		230.012		
3.16921e+07		226.107		
3.23261e+07		222.123		
3.29727e+07		218.244		
3.36323e+07		214.951		
3.43051e+07		211.591		
3.49914e+07		208.165		
3.56914e+07		204.67		
3.64053e+07		201.227		
3.71336e+07		198.328		
3.78765e+07		195.371		
3.86341e+07		192.355		
3.9407e+07		189.279		
4.01953e+07		186.213		
4.09994e+07		183.671		
4.18196e+07		181.078		
4.26562e+07		178.432		
4.35095e+07		175.734		
4.43798e+07		173.004		
4.52676e+07		170.762		
4.61732e+07		168.474		
4.70969e+07		166.14		
4.8039e+07		163.76		
