# E/N (Td)	Diffusion coefficient *N (1/m/s)
1.000	0.1291E+25
5.006	0.1748E+25
9.012	0.1859E+25
13.02	0.1883E+25
17.02	0.1886E+25
21.03	0.1886E+25
25.04	0.1882E+25
29.04	0.1878E+25
33.05	0.1875E+25
37.05	0.1872E+25
41.06	0.1871E+25
45.07	0.1876E+25
49.07	0.1887E+25
53.08	0.1906E+25
57.08	0.1931E+25
61.09	0.1964E+25
65.10	0.2009E+25
69.10	0.2057E+25
73.11	0.2111E+25
77.11	0.2171E+25
81.12	0.2233E+25
85.13	0.2300E+25
89.13	0.2370E+25
93.14	0.2441E+25
97.14	0.2513E+25
101.2	0.2583E+25
105.2	0.2654E+25
109.2	0.2725E+25
113.2	0.2795E+25
117.2	0.2863E+25
121.2	0.2932E+25
125.2	0.2997E+25
129.2	0.3060E+25
133.2	0.3121E+25
137.2	0.3181E+25
141.2	0.3238E+25
145.2	0.3294E+25
149.2	0.3346E+25
153.2	0.3399E+25
157.2	0.3450E+25
161.2	0.3499E+25
165.2	0.3547E+25
169.3	0.3594E+25
173.3	0.3639E+25
177.3	0.3683E+25
181.3	0.3731E+25
185.3	0.3773E+25
189.3	0.3813E+25
193.3	0.3853E+25
197.3	0.3891E+25
201.3	0.3928E+25
205.3	0.3965E+25
209.3	0.4001E+25
213.3	0.4036E+25
217.3	0.4070E+25
221.3	0.4109E+25
225.3	0.4142E+25
229.3	0.4174E+25
233.3	0.4205E+25
237.4	0.4236E+25
241.4	0.4267E+25
245.4	0.4297E+25
249.4	0.4326E+25
253.4	0.4355E+25
257.4	0.4384E+25
261.4	0.4398E+25
265.4	0.4426E+25
269.4	0.4454E+25
273.4	0.4481E+25
277.4	0.4508E+25
281.4	0.4534E+25
285.4	0.4560E+25
289.4	0.4586E+25
293.4	0.4612E+25
297.4	0.4637E+25
301.5	0.4662E+25
305.5	0.4687E+25
309.5	0.4715E+25
313.5	0.4739E+25
317.5	0.4763E+25
321.5	0.4787E+25
325.5	0.4810E+25
329.5	0.4833E+25
333.5	0.4856E+25
337.5	0.4879E+25
341.5	0.4902E+25
345.5	0.4925E+25
349.5	0.4947E+25
353.5	0.4969E+25
357.5	0.4991E+25
361.5	0.5013E+25
365.5	0.5037E+25
369.6	0.5058E+25
373.6	0.5079E+25
377.6	0.5101E+25
381.6	0.5122E+25
385.6	0.5143E+25
389.6	0.5163E+25
393.6	0.5184E+25
397.6	0.5204E+25
401.6	0.5225E+25
405.6	0.5245E+25
409.6	0.5265E+25
413.6	0.5285E+25
417.6	0.5305E+25
421.6	0.5325E+25
425.6	0.5349E+25
429.6	0.5369E+25
433.6	0.5388E+25
437.7	0.5408E+25
441.7	0.5427E+25
445.7	0.5446E+25
449.7	0.5465E+25
453.7	0.5484E+25
457.7	0.5503E+25
461.7	0.5522E+25
465.7	0.5541E+25
469.7	0.5559E+25
473.7	0.5578E+25
477.7	0.5596E+25
481.7	0.5615E+25
485.7	0.5633E+25
489.7	0.5651E+25
493.7	0.5669E+25
497.7	0.5687E+25
501.8	0.5705E+25
505.8	0.5723E+25
509.8	0.5741E+25
513.8	0.5758E+25
517.8	0.5776E+25
521.8	0.5794E+25
525.8	0.5811E+25
529.8	0.5829E+25
533.8	0.5846E+25
537.8	0.5864E+25
541.8	0.5881E+25
545.8	0.5898E+25
549.8	0.5916E+25
553.8	0.5933E+25
557.8	0.5950E+25
561.8	0.5967E+25
565.8	0.5984E+25
569.9	0.5996E+25
573.9	0.6013E+25
577.9	0.6030E+25
581.9	0.6047E+25
585.9	0.6064E+25
589.9	0.6080E+25
593.9	0.6097E+25
597.9	0.6114E+25
601.9	0.6130E+25
605.9	0.6147E+25
609.9	0.6163E+25
613.9	0.6180E+25
617.9	0.6196E+25
621.9	0.6212E+25
625.9	0.6228E+25
629.9	0.6245E+25
633.9	0.6261E+25
638.0	0.6277E+25
642.0	0.6293E+25
646.0	0.6309E+25
650.0	0.6329E+25
654.0	0.6345E+25
658.0	0.6361E+25
662.0	0.6376E+25
666.0	0.6392E+25
670.0	0.6408E+25
674.0	0.6424E+25
678.0	0.6439E+25
682.0	0.6455E+25
686.0	0.6471E+25
690.0	0.6486E+25
694.0	0.6502E+25
698.0	0.6517E+25
702.1	0.6533E+25
706.1	0.6548E+25
710.1	0.6563E+25
714.1	0.6579E+25
718.1	0.6594E+25
722.1	0.6609E+25
726.1	0.6624E+25
730.1	0.6640E+25
734.1	0.6655E+25
738.1	0.6671E+25
742.1	0.6686E+25
746.1	0.6701E+25
750.1	0.6716E+25
754.1	0.6731E+25
758.1	0.6746E+25
762.1	0.6761E+25
766.1	0.6776E+25
770.2	0.6791E+25
774.2	0.6805E+25
778.2	0.6820E+25
782.2	0.6835E+25
786.2	0.6850E+25
790.2	0.6865E+25
794.2	0.6879E+25
798.2	0.6894E+25
802.2	0.6909E+25
806.2	0.6923E+25
810.2	0.6938E+25
814.2	0.6952E+25
818.2	0.6967E+25
822.2	0.6982E+25
826.2	0.6996E+25
830.2	0.7010E+25
834.3	0.7025E+25
838.3	0.7039E+25
842.3	0.7054E+25
846.3	0.7068E+25
850.3	0.7082E+25
854.3	0.7097E+25
858.3	0.7111E+25
862.3	0.7125E+25
866.3	0.7139E+25
870.3	0.7154E+25
874.3	0.7168E+25
878.3	0.7182E+25
882.3	0.7196E+25
886.3	0.7210E+25
890.3	0.7225E+25
894.3	0.7239E+25
898.3	0.7253E+25
902.4	0.7267E+25
906.4	0.7281E+25
910.4	0.7295E+25
914.4	0.7309E+25
918.4	0.7323E+25
922.4	0.7337E+25
926.4	0.7351E+25
930.4	0.7365E+25
934.4	0.7378E+25
938.4	0.7392E+25
942.4	0.7408E+25
946.4	0.7422E+25
950.4	0.7436E+25
954.4	0.7449E+25
958.4	0.7463E+25
962.4	0.7477E+25
966.4	0.7491E+25
970.5	0.7504E+25
974.5	0.7518E+25
978.5	0.7532E+25
982.5	0.7545E+25
986.5	0.7559E+25
990.5	0.7573E+25
994.5	0.7586E+25
998.5	0.7600E+25
1003.	0.7614E+25
1007.	0.7627E+25
1011.	0.7641E+25
1015.	0.7654E+25
1019.	0.7668E+25
1023.	0.7681E+25
1027.	0.7695E+25
1031.	0.7708E+25
1035.	0.7722E+25
1039.	0.7735E+25
1043.	0.7748E+25
1047.	0.7762E+25
1051.	0.7775E+25
1055.	0.7789E+25
1059.	0.7802E+25
1063.	0.7815E+25
1067.	0.7829E+25
1071.	0.7842E+25
1075.	0.7855E+25
1079.	0.7869E+25
1083.	0.7882E+25
1087.	0.7895E+25
1091.	0.7909E+25
1095.	0.7922E+25
1099.	0.7935E+25
1103.	0.7948E+25
1107.	0.7961E+25
1111.	0.7975E+25
1115.	0.7988E+25
1119.	0.8001E+25
1123.	0.8014E+25
1127.	0.8027E+25
1131.	0.8040E+25
1135.	0.8054E+25
1139.	0.8067E+25
1143.	0.8080E+25
1147.	0.8093E+25
1151.	0.8106E+25
1155.	0.8119E+25
1159.	0.8132E+25
1163.	0.8145E+25
1167.	0.8158E+25
1171.	0.8171E+25
1175.	0.8184E+25
1179.	0.8202E+25
1183.	0.8215E+25
1187.	0.8228E+25
1191.	0.8241E+25
1195.	0.8254E+25
1199.	0.8267E+25
1203.	0.8279E+25
1207.	0.8292E+25
1211.	0.8305E+25
1215.	0.8318E+25
1219.	0.8331E+25
1223.	0.8344E+25
1227.	0.8357E+25
1231.	0.8370E+25
1235.	0.8382E+25
1239.	0.8395E+25
1243.	0.8408E+25
1247.	0.8421E+25
1251.	0.8434E+25
1255.	0.8447E+25
1259.	0.8459E+25
1263.	0.8472E+25
1267.	0.8485E+25
1271.	0.8498E+25
1275.	0.8510E+25
1279.	0.8523E+25
1283.	0.8536E+25
1287.	0.8549E+25
1291.	0.8561E+25
1295.	0.8574E+25
1299.	0.8587E+25
1303.	0.8600E+25
1307.	0.8612E+25
1311.	0.8625E+25
1315.	0.8640E+25
1319.	0.8652E+25
1323.	0.8665E+25
1327.	0.8678E+25
1331.	0.8690E+25
1335.	0.8703E+25
1339.	0.8716E+25
1343.	0.8728E+25
1347.	0.8741E+25
1351.	0.8753E+25
1355.	0.8766E+25
1359.	0.8779E+25
1363.	0.8791E+25
1367.	0.8804E+25
1371.	0.8816E+25
1375.	0.8829E+25
1379.	0.8841E+25
1383.	0.8854E+25
1387.	0.8867E+25
1391.	0.8879E+25
1395.	0.8892E+25
1399.	0.8904E+25
1403.	0.8917E+25
1407.	0.8929E+25
1411.	0.8942E+25
1415.	0.8954E+25
1419.	0.8967E+25
1423.	0.8979E+25
1427.	0.8992E+25
1431.	0.9004E+25
1435.	0.9017E+25
1439.	0.9029E+25
1443.	0.9042E+25
1447.	0.9054E+25
1451.	0.9067E+25
1455.	0.9079E+25
1459.	0.9087E+25
1463.	0.9100E+25
1467.	0.9112E+25
1471.	0.9125E+25
1475.	0.9137E+25
1479.	0.9149E+25
1483.	0.9162E+25
1487.	0.9174E+25
1491.	0.9187E+25
1495.	0.9199E+25
1499.	0.9212E+25
1503.	0.9224E+25
1507.	0.9236E+25
1511.	0.9249E+25
1515.	0.9261E+25
1519.	0.9274E+25
1523.	0.9286E+25
1527.	0.9298E+25
1531.	0.9311E+25
1535.	0.9323E+25
1539.	0.9335E+25
1543.	0.9348E+25
1547.	0.9360E+25
1551.	0.9373E+25
1555.	0.9385E+25
1559.	0.9397E+25
1563.	0.9410E+25
1567.	0.9422E+25
1571.	0.9434E+25
1575.	0.9447E+25
1579.	0.9459E+25
1583.	0.9471E+25
1587.	0.9484E+25
1591.	0.9496E+25
1595.	0.9508E+25
1599.	0.9521E+25
1603.	0.9533E+25
1607.	0.9545E+25
1611.	0.9557E+25
1615.	0.9574E+25
1619.	0.9586E+25
1623.	0.9599E+25
1627.	0.9611E+25
1631.	0.9623E+25
1635.	0.9635E+25
1639.	0.9648E+25
1643.	0.9660E+25
1647.	0.9672E+25
1651.	0.9684E+25
1655.	0.9697E+25
1659.	0.9709E+25
1663.	0.9721E+25
1668.	0.9733E+25
1672.	0.9746E+25
1676.	0.9758E+25
1680.	0.9770E+25
1684.	0.9782E+25
1688.	0.9795E+25
1692.	0.9807E+25
1696.	0.9819E+25
1700.	0.9831E+25
1704.	0.9843E+25
1708.	0.9856E+25
1712.	0.9868E+25
1716.	0.9880E+25
1720.	0.9892E+25
1724.	0.9904E+25
1728.	0.9917E+25
1732.	0.9929E+25
1736.	0.9941E+25
1740.	0.9953E+25
1744.	0.9965E+25
1748.	0.9978E+25
1752.	0.9990E+25
1756.	0.1000E+26
1760.	0.1001E+26
1764.	0.1003E+26
1768.	0.1004E+26
1772.	0.1005E+26
1776.	0.1006E+26
1780.	0.1008E+26
1784.	0.1009E+26
1788.	0.1011E+26
1792.	0.1012E+26
1796.	0.1013E+26
1800.	0.1014E+26
1804.	0.1016E+26
1808.	0.1017E+26
1812.	0.1018E+26
1816.	0.1019E+26
1820.	0.1020E+26
1824.	0.1022E+26
1828.	0.1023E+26
1832.	0.1024E+26
1836.	0.1025E+26
1840.	0.1026E+26
1844.	0.1028E+26
1848.	0.1029E+26
1852.	0.1030E+26
1856.	0.1031E+26
1860.	0.1033E+26
1864.	0.1034E+26
1868.	0.1035E+26
1872.	0.1036E+26
1876.	0.1037E+26
1880.	0.1039E+26
1884.	0.1040E+26
1888.	0.1041E+26
1892.	0.1042E+26
1896.	0.1043E+26
1900.	0.1045E+26
1904.	0.1046E+26
1908.	0.1047E+26
1912.	0.1048E+26
1916.	0.1049E+26
1920.	0.1051E+26
1924.	0.1052E+26
1928.	0.1053E+26
1932.	0.1054E+26
1936.	0.1056E+26
1940.	0.1057E+26
1944.	0.1058E+26
1948.	0.1059E+26
1952.	0.1060E+26
1956.	0.1062E+26
1960.	0.1063E+26
1964.	0.1064E+26
1968.	0.1065E+26
1972.	0.1067E+26
1976.	0.1068E+26
1980.	0.1069E+26
1984.	0.1070E+26
1988.	0.1071E+26
1992.	0.1073E+26
1996.	0.1074E+26
2000.	0.1075E+26