# z [m]         rho [kg/m^3]    T [K]           p [Pa]
0.0000000E+00	1.2900000E+00	2.7210000E+02	1.0074046E+05
1.0000000E+03	1.1500000E+00	2.6890000E+02	8.8751220E+04
2.0000000E+03	1.0320000E+00	2.6360000E+02	7.8074784E+04
3.0000000E+03	9.2860000E-01	2.5690000E+02	6.8466555E+04
4.0000000E+03	8.3540000E-01	2.4960000E+02	5.9844569E+04
5.0000000E+03	7.4970000E-01	2.4210000E+02	5.2091635E+04
6.0000000E+03	6.6970000E-01	2.3480000E+02	4.5129870E+04
7.0000000E+03	5.9460000E-01	2.2830000E+02	3.8959781E+04
8.0000000E+03	5.2410000E-01	2.2260000E+02	3.3483050E+04
9.0000000E+03	4.5820000E-01	2.1810000E+02	2.8681142E+04
1.0000000E+04	3.9730000E-01	2.1490000E+02	2.4504208E+04
1.1000000E+04	3.4160000E-01	2.1320000E+02	2.0902140E+04
1.2000000E+04	2.9200000E-01	2.1240000E+02	1.7800125E+04
1.3000000E+04	2.4890000E-01	2.1230000E+02	1.5165634E+04
1.4000000E+04	2.1200000E-01	2.1240000E+02	1.2923378E+04
1.5000000E+04	1.8070000E-01	2.1220000E+02	1.1004979E+04
1.6000000E+04	1.5440000E-01	2.1150000E+02	9.3722391E+03
1.7000000E+04	1.3220000E-01	2.1040000E+02	7.9829403E+03
1.8000000E+04	1.1310000E-01	2.0910000E+02	6.7873826E+03
1.9000000E+04	9.6690000E-02	2.0780000E+02	5.7665066E+03
2.0000000E+04	8.2500000E-02	2.0670000E+02	4.8941820E+03
2.1000000E+04	7.0210000E-02	2.0600000E+02	4.1509919E+03
2.2000000E+04	5.9620000E-02	2.0580000E+02	3.5214622E+03
2.3000000E+04	5.0530000E-02	2.0590000E+02	2.9860105E+03
2.4000000E+04	4.2760000E-02	2.0630000E+02	2.5317605E+03
2.5000000E+04	3.6150000E-02	2.0720000E+02	2.1497291E+03
2.6000000E+04	3.0530000E-02	2.0840000E+02	1.8260397E+03
2.7000000E+04	2.5770000E-02	2.0990000E+02	1.5524319E+03
2.8000000E+04	2.1750000E-02	2.1170000E+02	1.3214959E+03
2.9000000E+04	1.8360000E-02	2.1390000E+02	1.1271174E+03
3.0000000E+04	1.5500000E-02	2.1650000E+02	9.6310866E+02
3.1000000E+04	1.3100000E-02	2.1940000E+02	8.2488538E+02
3.2000000E+04	1.1070000E-02	2.2270000E+02	7.0754412E+02
3.3000000E+04	9.3720000E-03	2.2620000E+02	6.0842993E+02
3.4000000E+04	7.9520000E-03	2.2990000E+02	5.2468788E+02
3.5000000E+04	6.7640000E-03	2.3360000E+02	4.5348417E+02
3.6000000E+04	5.7700000E-03	2.3720000E+02	3.9280426E+02
3.7000000E+04	4.9350000E-03	2.4080000E+02	3.4105885E+02
3.8000000E+04	4.2330000E-03	2.4420000E+02	2.9667409E+02
3.9000000E+04	3.6410000E-03	2.4750000E+02	2.5863159E+02
4.0000000E+04	3.1410000E-03	2.5060000E+02	2.2590960E+02
4.1000000E+04	2.7170000E-03	2.5330000E+02	1.9751975E+02
4.2000000E+04	2.3570000E-03	2.5580000E+02	1.7303972E+02
4.3000000E+04	2.0510000E-03	2.5780000E+02	1.5175194E+02
4.4000000E+04	1.7890000E-03	2.5940000E+02	1.3318828E+02
4.5000000E+04	1.5650000E-03	2.6050000E+02	1.1700590E+02
4.6000000E+04	1.3720000E-03	2.6100000E+02	1.0277330E+02
4.7000000E+04	1.2060000E-03	2.6100000E+02	9.0338631E+01
4.8000000E+04	1.0620000E-03	2.6060000E+02	7.9430010E+01
4.9000000E+04	9.3630000E-04	2.5970000E+02	6.9786700E+01
5.0000000E+04	8.2610000E-04	2.5850000E+02	6.1288481E+01
5.1000000E+04	7.2940000E-04	2.5700000E+02	5.3800284E+01
5.2000000E+04	6.4400000E-04	2.5520000E+02	4.7168518E+01
5.3000000E+04	5.6860000E-04	2.5320000E+02	4.1319613E+01
5.4000000E+04	5.0180000E-04	2.5120000E+02	3.6177286E+01
5.5000000E+04	4.4250000E-04	2.4900000E+02	3.1622654E+01
5.6000000E+04	3.8990000E-04	2.4680000E+02	2.7617482E+01
5.7000000E+04	3.4310000E-04	2.4460000E+02	2.4085899E+01
5.8000000E+04	3.0170000E-04	2.4240000E+02	2.0989090E+01
5.9000000E+04	2.6490000E-04	2.4020000E+02	1.8261677E+01
6.0000000E+04	2.3230000E-04	2.3810000E+02	1.5874289E+01
6.1000000E+04	2.0340000E-04	2.3600000E+02	1.3776809E+01
6.2000000E+04	1.7790000E-04	2.3400000E+02	1.1947513E+01
6.3000000E+04	1.5530000E-04	2.3210000E+02	1.0345043E+01
6.4000000E+04	1.3540000E-04	2.3020000E+02	8.9456041E+00
6.5000000E+04	1.1790000E-04	2.2850000E+02	7.7318906E+00
6.6000000E+04	1.0250000E-04	2.2690000E+02	6.6748890E+00
6.7000000E+04	8.8990000E-05	2.2540000E+02	5.7567956E+00
6.8000000E+04	7.7140000E-05	2.2400000E+02	4.9592196E+00
6.9000000E+04	6.6770000E-05	2.2280000E+02	4.2695515E+00
7.0000000E+04	5.7720000E-05	2.2170000E+02	3.6726345E+00
7.1000000E+04	4.9830000E-05	2.2080000E+02	3.1577347E+00
7.2000000E+04	4.2960000E-05	2.2000000E+02	2.7125181E+00
7.3000000E+04	3.7160000E-05	2.1940000E+02	2.3399039E+00
7.4000000E+04	3.2000000E-05	2.1870000E+02	2.0085583E+00
7.5000000E+04	2.7560000E-05	2.1790000E+02	1.7235430E+00
7.6000000E+04	2.3730000E-05	2.1700000E+02	1.4778936E+00
7.7000000E+04	2.0430000E-05	2.1610000E+02	1.2670940E+00
7.8000000E+04	1.7580000E-05	2.1500000E+02	1.0847834E+00
7.9000000E+04	1.5130000E-05	2.1390000E+02	9.2882822E-01
8.0000000E+04	1.3010000E-05	2.1270000E+02	7.9420109E-01
8.1000000E+04	1.1180000E-05	2.1140000E+02	6.7831665E-01
8.2000000E+04	9.6050000E-06	2.1000000E+02	5.7889841E-01
8.3000000E+04	8.2450000E-06	2.0860000E+02	4.9361762E-01
8.4000000E+04	7.0720000E-06	2.0710000E+02	4.2034709E-01
8.5000000E+04	6.0620000E-06	2.0560000E+02	3.5770477E-01
8.6000000E+04	5.1910000E-06	2.0400000E+02	3.0392532E-01
8.7000000E+04	4.4410000E-06	2.0240000E+02	2.5797461E-01
8.8000000E+04	3.7960000E-06	2.0070000E+02	2.1865493E-01
8.9000000E+04	3.2420000E-06	1.9900000E+02	1.8516196E-01
9.0000000E+04	2.7660000E-06	1.9730000E+02	1.5662639E-01
9.1000000E+04	2.3570000E-06	1.9550000E+02	1.3224889E-01
9.2000000E+04	2.0060000E-06	1.9380000E+02	1.1157590E-01
9.3000000E+04	1.7050000E-06	1.9210000E+02	9.4002075E-02
9.4000000E+04	1.4460000E-06	1.9060000E+02	7.9100072E-02
9.5000000E+04	1.2240000E-06	1.8920000E+02	6.6464270E-02
9.6000000E+04	1.0350000E-06	1.8810000E+02	5.5874653E-02
9.7000000E+04	8.7270000E-07	1.8710000E+02	4.6862392E-02
9.8000000E+04	7.3450000E-07	1.8650000E+02	3.9314823E-02
9.9000000E+04	6.1700000E-07	1.8620000E+02	3.2972398E-02
1.0000000E+05	5.1730000E-07	1.8630000E+02	2.7659290E-02
1.0100000E+05	4.3300000E-07	1.8680000E+02	2.3214026E-02
1.0200000E+05	3.6190000E-07	1.8770000E+02	1.9495687E-02
1.0300000E+05	3.0210000E-07	1.8910000E+02	1.6395624E-02
1.0400000E+05	2.5200000E-07	1.9110000E+02	1.3821237E-02
1.0500000E+05	2.1000000E-07	1.9350000E+02	1.1662347E-02
1.0600000E+05	1.7510000E-07	1.9660000E+02	9.8799637E-03
1.0700000E+05	1.4590000E-07	2.0040000E+02	8.3914826E-03
1.0800000E+05	1.2170000E-07	2.0490000E+02	7.1567892E-03
1.0900000E+05	1.0150000E-07	2.1040000E+02	6.1291107E-03
1.1000000E+05	8.4710000E-08	2.1690000E+02	5.2732690E-03
1.1100000E+05	7.0760000E-08	2.2450000E+02	4.5592128E-03
1.1200000E+05	5.9200000E-08	2.3350000E+02	3.9672931E-03
1.1300000E+05	4.9640000E-08	2.4370000E+02	3.4719462E-03
1.1400000E+05	4.1730000E-08	2.5530000E+02	3.0576297E-03
1.1500000E+05	3.5200000E-08	2.6830000E+02	2.7104976E-03
1.1600000E+05	2.9810000E-08	2.8260000E+02	2.4177969E-03
1.1700000E+05	2.5360000E-08	2.9820000E+02	2.1704140E-03
1.1800000E+05	2.1680000E-08	3.1490000E+02	1.9593753E-03
1.1900000E+05	1.8650000E-08	3.3240000E+02	1.7792032E-03
1.2000000E+05	1.6160000E-08	3.5040000E+02	1.6251414E-03
1.2100000E+05	1.4110000E-08	3.6800000E+02	1.4902548E-03
1.2200000E+05	1.2450000E-08	3.8440000E+02	1.3735309E-03
1.2300000E+05	1.1090000E-08	3.9860000E+02	1.2686871E-03
1.2400000E+05	1.0060000E-08	4.0740000E+02	1.1762637E-03
1.2500000E+05	9.1230000E-09	4.1690000E+02	1.0915792E-03
1.2600000E+05	8.3060000E-09	4.2590000E+02	1.0152787E-03
1.2700000E+05	7.5860000E-09	4.3450000E+02	9.4599384E-04
1.2800000E+05	6.9480000E-09	4.4270000E+02	8.8278516E-04
1.2900000E+05	6.3810000E-09	4.5050000E+02	8.2502903E-04
1.3000000E+05	5.8750000E-09	4.5790000E+02	7.7208338E-04
1.3100000E+05	5.4210000E-09	4.6500000E+02	7.2346587E-04
1.3200000E+05	5.0120000E-09	4.7180000E+02	6.7866381E-04
1.3300000E+05	4.6440000E-09	4.7820000E+02	6.3736392E-04
1.3400000E+05	4.3110000E-09	4.8430000E+02	5.9920880E-04
1.3500000E+05	4.0080000E-09	4.9020000E+02	5.6388002E-04
1.3600000E+05	3.7330000E-09	4.9580000E+02	5.3119038E-04
1.3700000E+05	3.4820000E-09	5.0110000E+02	5.0077064E-04
1.3800000E+05	3.2520000E-09	5.0610000E+02	4.7235940E-04
1.3900000E+05	3.0410000E-09	5.1100000E+02	4.4598783E-04
1.4000000E+05	2.8480000E-09	5.1560000E+02	4.2144275E-04
1.4100000E+05	2.6700000E-09	5.1990000E+02	3.9839765E-04
1.4200000E+05	2.5060000E-09	5.2410000E+02	3.7694754E-04
1.4300000E+05	2.3550000E-09	5.2810000E+02	3.5693799E-04
1.4400000E+05	2.2150000E-09	5.3190000E+02	3.3813444E-04
1.4500000E+05	2.0850000E-09	5.3550000E+02	3.2044332E-04
1.4600000E+05	1.9650000E-09	5.3900000E+02	3.0397440E-04
1.4700000E+05	1.8530000E-09	5.4230000E+02	2.8840362E-04
1.4800000E+05	1.7490000E-09	5.4540000E+02	2.7377301E-04
1.4900000E+05	1.6520000E-09	5.4840000E+02	2.6001187E-04
1.5000000E+05	1.5610000E-09	5.5120000E+02	2.4694362E-04
1.5100000E+05	1.4770000E-09	5.5390000E+02	2.3479971E-04
1.5200000E+05	1.3980000E-09	5.5650000E+02	2.2328422E-04
1.5300000E+05	1.3240000E-09	5.5900000E+02	2.1241515E-04
1.5400000E+05	1.2550000E-09	5.6130000E+02	2.0217361E-04
1.5500000E+05	1.1900000E-09	5.6360000E+02	1.9248799E-04
1.5600000E+05	1.1290000E-09	5.6570000E+02	1.8330141E-04
1.5700000E+05	1.0720000E-09	5.6780000E+02	1.7469314E-04
1.5800000E+05	1.0180000E-09	5.6970000E+02	1.6644842E-04
1.5900000E+05	9.6740000E-10	5.7160000E+02	1.5870258E-04
1.6000000E+05	9.1970000E-10	5.7330000E+02	1.5132609E-04
1.6100000E+05	8.7450000E-10	5.7500000E+02	1.4431562E-04
1.6200000E+05	8.3210000E-10	5.7660000E+02	1.3770061E-04
1.6300000E+05	7.9220000E-10	5.7820000E+02	1.3146151E-04
1.6400000E+05	7.5450000E-10	5.7960000E+02	1.2550855E-04
1.6500000E+05	7.1880000E-10	5.8100000E+02	1.1985879E-04
1.6600000E+05	6.8510000E-10	5.8230000E+02	1.1449498E-04
1.6700000E+05	6.5330000E-10	5.8360000E+02	1.0942426E-04
1.6800000E+05	6.2310000E-10	5.8480000E+02	1.0458052E-04
1.6900000E+05	5.9450000E-10	5.8600000E+02	9.9985072E-05
1.7000000E+05	5.6750000E-10	5.8700000E+02	9.5606993E-05
1.7100000E+05	5.4180000E-10	5.8810000E+02	9.1448349E-05
1.7200000E+05	5.1750000E-10	5.8910000E+02	8.7495369E-05
1.7300000E+05	4.9440000E-10	5.9000000E+02	8.3717483E-05
1.7400000E+05	4.7250000E-10	5.9100000E+02	8.0144732E-05
1.7500000E+05	4.5170000E-10	5.9180000E+02	7.6720379E-05
1.7600000E+05	4.3190000E-10	5.9260000E+02	7.3456552E-05
1.7700000E+05	4.1310000E-10	5.9340000E+02	7.0353940E-05
1.7800000E+05	3.9520000E-10	5.9420000E+02	6.7396179E-05
1.7900000E+05	3.7820000E-10	5.9490000E+02	6.4573033E-05
1.8000000E+05	3.6200000E-10	5.9560000E+02	6.1879807E-05
1.8100000E+05	3.4670000E-10	5.9620000E+02	5.9324147E-05
1.8200000E+05	3.3200000E-10	5.9680000E+02	5.6865988E-05
1.8300000E+05	3.1800000E-10	5.9740000E+02	5.4522785E-05
1.8400000E+05	3.0470000E-10	5.9800000E+02	5.2294899E-05
1.8500000E+05	2.9210000E-10	5.9850000E+02	5.0174309E-05
1.8600000E+05	2.8000000E-10	5.9910000E+02	4.8144096E-05
1.8700000E+05	2.6840000E-10	5.9950000E+02	4.6180368E-05
1.8800000E+05	2.5750000E-10	6.0000000E+02	4.4341887E-05
1.8900000E+05	2.4700000E-10	6.0050000E+02	4.2569216E-05
1.9000000E+05	2.3690000E-10	6.0090000E+02	4.0855728E-05
1.9100000E+05	2.2740000E-10	6.0130000E+02	3.9243466E-05
1.9200000E+05	2.1830000E-10	6.0170000E+02	3.7698098E-05
1.9300000E+05	2.0950000E-10	6.0200000E+02	3.6196469E-05
1.9400000E+05	2.0120000E-10	6.0240000E+02	3.4785530E-05
1.9500000E+05	1.9320000E-10	6.0270000E+02	3.3419043E-05
1.9600000E+05	1.8560000E-10	6.0310000E+02	3.2125729E-05
1.9700000E+05	1.7830000E-10	6.0340000E+02	3.0877515E-05
1.9800000E+05	1.7140000E-10	6.0360000E+02	2.9692430E-05
1.9900000E+05	1.6470000E-10	6.0390000E+02	2.8545938E-05
2.0000000E+05	1.5830000E-10	6.0420000E+02	2.7450315E-05
2.0100000E+05	1.5220000E-10	6.0440000E+02	2.6401269E-05
2.0200000E+05	1.4640000E-10	6.0470000E+02	2.5407781E-05
2.0300000E+05	1.4080000E-10	6.0490000E+02	2.4443981E-05
2.0400000E+05	1.3540000E-10	6.0510000E+02	2.3514270E-05
2.0500000E+05	1.3030000E-10	6.0530000E+02	2.2636057E-05
2.0600000E+05	1.2540000E-10	6.0550000E+02	2.1792014E-05
2.0700000E+05	1.2070000E-10	6.0570000E+02	2.0982176E-05
2.0800000E+05	1.1620000E-10	6.0590000E+02	2.0206578E-05
2.0900000E+05	1.1180000E-10	6.0610000E+02	1.9447858E-05
2.1000000E+05	1.0770000E-10	6.0630000E+02	1.8740836E-05
2.1100000E+05	1.0370000E-10	6.0640000E+02	1.8047774E-05
2.1200000E+05	9.9890000E-11	6.0660000E+02	1.7390422E-05
2.1300000E+05	9.6220000E-11	6.0670000E+02	1.6754252E-05
2.1400000E+05	9.2710000E-11	6.0680000E+02	1.6145736E-05
2.1500000E+05	8.9340000E-11	6.0700000E+02	1.5563968E-05
2.1600000E+05	8.6100000E-11	6.0710000E+02	1.5001997E-05
2.1700000E+05	8.2990000E-11	6.0720000E+02	1.4462495E-05
2.1800000E+05	8.0000000E-11	6.0730000E+02	1.3943730E-05
2.1900000E+05	7.7140000E-11	6.0740000E+02	1.3447455E-05
2.2000000E+05	7.4380000E-11	6.0750000E+02	1.2968452E-05
2.2100000E+05	7.1740000E-11	6.0760000E+02	1.2510217E-05
2.2200000E+05	6.9190000E-11	6.0770000E+02	1.2067526E-05
2.2300000E+05	6.6750000E-11	6.0780000E+02	1.1643878E-05
2.2400000E+05	6.4400000E-11	6.0790000E+02	1.1235792E-05
2.2500000E+05	6.2140000E-11	6.0800000E+02	1.0843276E-05
2.2600000E+05	5.9970000E-11	6.0810000E+02	1.0466338E-05
2.2700000E+05	5.7880000E-11	6.0820000E+02	1.0103239E-05
2.2800000E+05	5.5870000E-11	6.0820000E+02	9.7523836E-06
2.2900000E+05	5.3940000E-11	6.0830000E+02	9.4170407E-06
2.3000000E+05	5.2080000E-11	6.0840000E+02	9.0938099E-06
2.3100000E+05	5.0290000E-11	6.0840000E+02	8.7812538E-06
2.3200000E+05	4.8570000E-11	6.0850000E+02	8.4823146E-06
2.3300000E+05	4.6920000E-11	6.0850000E+02	8.1941569E-06
2.3400000E+05	4.5320000E-11	6.0860000E+02	7.9160320E-06
2.3500000E+05	4.3780000E-11	6.0860000E+02	7.6470406E-06
2.3600000E+05	4.2300000E-11	6.0870000E+02	7.3897434E-06
2.3700000E+05	4.0880000E-11	6.0870000E+02	7.1416716E-06
2.3800000E+05	3.9510000E-11	6.0880000E+02	6.9034688E-06
2.3900000E+05	3.8190000E-11	6.0880000E+02	6.6728289E-06
2.4000000E+05	3.6910000E-11	6.0890000E+02	6.4502375E-06
2.4100000E+05	3.5680000E-11	6.0890000E+02	6.2352879E-06
2.4200000E+05	3.4500000E-11	6.0890000E+02	6.0290760E-06
2.4300000E+05	3.3360000E-11	6.0900000E+02	5.8308118E-06
2.4400000E+05	3.2260000E-11	6.0900000E+02	5.6385488E-06
2.4500000E+05	3.1200000E-11	6.0900000E+02	5.4532772E-06
2.4600000E+05	3.0180000E-11	6.0910000E+02	5.2758632E-06
2.4700000E+05	2.9190000E-11	6.0910000E+02	5.1027981E-06
2.4800000E+05	2.8240000E-11	6.0910000E+02	4.9367255E-06
2.4900000E+05	2.7330000E-11	6.0920000E+02	4.7784299E-06
2.5000000E+05	2.6440000E-11	6.0920000E+02	4.6228206E-06
