BOLSIG+ version: 11/2019
Collision input data:
--------------------------------------------------
SF6                                                             
C:\Users\robertm\Desktop\bolsigplus122019-win\SigloDataBase-LXCat-04Jun2013.txt
How to reference in publications:
1) A.V. Phelps and R.J. Van Brunt, J. Appl. Phys. 64, 4269 (1988).
2) PHELPS database, http://www.lxcat.laplace.univ-tlse.fr, retrieved June 4, 2013
 
 
 
Angular frequency / N (m3/s)               0.000    
Cosine of E-B field angle                  0.000    
Gas temperature (K)                        300.0    
Excitation temperature (K)                 300.0    
Transition energy (eV)                     0.000    
Ionization degree                          0.000    
Plasma density (1/m3)                     0.1000E+19
Ion charge parameter                       0.000    
Ion/neutral mass ratio                     1.000    
Coulomb collision model                    0.000    
Energy sharing                             1.000    
Growth model                               4.000    
Maxwellian mean energy (eV)                0.000    
# of grid points                           100.0    
Precision                                 0.1000E-09
Convergence                               0.1000E-04
Maximum # of iterations                    2000.    
Mole fraction SF6                          1.000    
 
 
E/N (Td)    	Electric field / N (Td)                                         
1.000	1.000
1.080	1.080
1.166	1.166
1.259	1.259
1.359	1.359
1.468	1.468
1.585	1.585
1.712	1.712
1.848	1.848
1.996	1.996
2.155	2.155
2.327	2.327
2.513	2.513
2.713	2.713
2.930	2.930
3.163	3.163
3.416	3.416
3.688	3.688
3.983	3.983
4.301	4.301
4.644	4.644
5.014	5.014
5.415	5.415
5.847	5.847
6.313	6.313
6.817	6.817
7.361	7.361
7.948	7.948
8.583	8.583
9.268	9.268
10.01	10.01
10.81	10.81
11.67	11.67
12.60	12.60
13.60	13.60
14.69	14.69
15.86	15.86
17.13	17.13
18.50	18.50
19.97	19.97
21.57	21.57
23.29	23.29
25.14	25.14
27.15	27.15
29.32	29.32
31.66	31.66
34.18	34.18
36.91	36.91
39.86	39.86
43.04	43.04
46.47	46.47
50.18	50.18
54.18	54.18
58.51	58.51
63.18	63.18
68.22	68.22
73.66	73.66
79.54	79.54
85.89	85.89
92.74	92.74
100.1	100.1
108.1	108.1
116.8	116.8
126.1	126.1
136.1	136.1
147.0	147.0
158.7	158.7
171.4	171.4
185.1	185.1
199.9	199.9
215.8	215.8
233.0	233.0
251.6	251.6
271.7	271.7
293.4	293.4
316.8	316.8
342.1	342.1
369.4	369.4
398.9	398.9
430.7	430.7
465.0	465.0
502.2	502.2
542.2	542.2
585.5	585.5
632.2	632.2
682.7	682.7
737.2	737.2
796.0	796.0
859.5	859.5
928.1	928.1
1002.	1002.
1082.	1082.
1168.	1168.
1262.	1262.
1362.	1362.
1471.	1471.
1589.	1589.
1715.	1715.
1852.	1852.
2000.	2000.
 
 
E/N (Td)    	Grid type                                                       
1.000	0.000
1.080	0.000
1.166	0.000
1.259	0.000
1.359	0.000
1.468	0.000
1.585	0.000
1.712	0.000
1.848	0.000
1.996	0.000
2.155	3.000
2.327	3.000
2.513	3.000
2.713	3.000
2.930	3.000
3.163	3.000
3.416	3.000
3.688	3.000
3.983	3.000
4.301	3.000
4.644	3.000
5.014	3.000
5.415	3.000
5.847	3.000
6.313	3.000
6.817	3.000
7.361	3.000
7.948	3.000
8.583	3.000
9.268	3.000
10.01	3.000
10.81	3.000
11.67	3.000
12.60	3.000
13.60	3.000
14.69	3.000
15.86	3.000
17.13	3.000
18.50	3.000
19.97	3.000
21.57	3.000
23.29	3.000
25.14	3.000
27.15	3.000
29.32	3.000
31.66	3.000
34.18	3.000
36.91	3.000
39.86	3.000
43.04	3.000
46.47	3.000
50.18	3.000
54.18	3.000
58.51	3.000
63.18	3.000
68.22	3.000
73.66	3.000
79.54	3.000
85.89	3.000
92.74	3.000
100.1	3.000
108.1	3.000
116.8	3.000
126.1	3.000
136.1	3.000
147.0	3.000
158.7	3.000
171.4	3.000
185.1	3.000
199.9	3.000
215.8	3.000
233.0	3.000
251.6	3.000
271.7	3.000
293.4	3.000
316.8	3.000
342.1	3.000
369.4	3.000
398.9	3.000
430.7	3.000
465.0	3.000
502.2	3.000
542.2	3.000
585.5	3.000
632.2	3.000
682.7	3.000
737.2	3.000
796.0	3.000
859.5	3.000
928.1	3.000
1002.	3.000
1082.	3.000
1168.	3.000
1262.	3.000
1362.	3.000
1471.	3.000
1589.	3.000
1715.	3.000
1852.	3.000
2000.	3.000
 
 
E/N (Td)    	Maximum energy                                                  
1.000	-1.000
1.080	-1.000
1.166	-1.000
1.259	-1.000
1.359	-1.000
1.468	-1.000
1.585	-1.000
1.712	-1.000
1.848	-1.000
1.996	-1.000
2.155	1.563
2.327	1.821
2.513	1.821
2.713	3.355
2.930	3.355
3.163	3.908
3.416	3.908
3.688	3.908
3.983	4.551
4.301	5.301
4.644	6.173
5.014	7.189
5.415	7.189
5.847	8.372
6.313	11.35
6.817	11.35
7.361	11.35
7.948	13.22
8.583	13.22
9.268	13.22
10.01	13.22
10.81	13.22
11.67	13.22
12.60	15.39
13.60	15.39
14.69	15.39
15.86	15.39
17.13	15.39
18.50	15.39
19.97	17.92
21.57	17.92
23.29	17.92
25.14	17.92
27.15	20.87
29.32	20.87
31.66	20.87
34.18	20.87
36.91	20.87
39.86	24.30
43.04	24.30
46.47	24.30
50.18	24.30
54.18	24.30
58.51	28.30
63.18	28.30
68.22	28.30
73.66	28.30
79.54	28.30
85.89	32.95
92.74	32.95
100.1	32.95
108.1	32.95
116.8	32.95
126.1	38.36
136.1	38.36
147.0	38.36
158.7	38.36
171.4	44.67
185.1	44.67
199.9	44.67
215.8	44.67
233.0	44.67
251.6	52.01
271.7	52.01
293.4	52.01
316.8	60.55
342.1	60.55
369.4	60.55
398.9	60.55
430.7	70.51
465.0	70.51
502.2	70.51
542.2	82.09
585.5	82.09
632.2	82.09
682.7	95.58
737.2	95.58
796.0	95.58
859.5	111.3
928.1	111.3
1002.	111.3
1082.	129.6
1168.	129.6
1262.	150.9
1362.	150.9
1471.	175.6
1589.	175.6
1715.	204.5
1852.	204.5
2000.	238.1
 
 
E/N (Td)	Mean energy (eV)
1.000	0.2827
1.080	0.2844
1.166	0.2861
1.259	0.2876
1.359	0.2891
1.468	0.2906
1.585	0.2922
1.712	0.2938
1.848	0.2955
1.996	0.2975
2.155	0.2995
2.327	0.3021
2.513	0.4587
2.713	0.4736
2.930	0.5095
3.163	0.5293
3.416	0.5512
3.688	0.6213
3.983	0.7398
4.301	0.8466
4.644	0.9525
5.014	1.005
5.415	1.159
5.847	1.460
6.313	1.545
6.817	1.637
7.361	1.731
7.948	1.837
8.583	1.951
9.268	2.073
10.01	2.204
10.81	2.345
11.67	2.492
12.60	2.649
13.60	2.812
14.69	2.978
15.86	3.144
17.13	3.307
18.50	3.464
19.97	3.614
21.57	3.756
23.29	3.889
25.14	4.014
27.15	4.131
29.32	4.242
31.66	4.344
34.18	4.438
36.91	4.525
39.86	4.605
43.04	4.679
46.47	4.748
50.18	4.814
54.18	4.878
58.51	4.942
63.18	5.007
68.22	5.075
73.66	5.145
79.54	5.218
85.89	5.297
92.74	5.380
100.1	5.469
108.1	5.564
116.8	5.666
126.1	5.775
136.1	5.893
147.0	6.019
158.7	6.154
171.4	6.300
185.1	6.455
199.9	6.621
215.8	6.798
233.0	6.985
251.6	7.184
271.7	7.393
293.4	7.614
316.8	7.846
342.1	8.088
369.4	8.342
398.9	8.605
430.7	8.879
465.0	9.164
502.2	9.459
542.2	9.766
585.5	10.08
632.2	10.41
682.7	10.76
737.2	11.11
796.0	11.49
859.5	11.87
928.1	12.28
1002.	12.71
1082.	13.16
1168.	13.63
1262.	14.13
1362.	14.67
1471.	15.23
1589.	15.84
1715.	16.48
1852.	17.18
2000.	17.92
 
 
E/N (Td)	Mobility *N (1/m/V/s)
1.000	0.3273E+27
1.080	0.2950E+27
1.166	0.2651E+27
1.259	0.2369E+27
1.359	0.2103E+27
1.468	0.1857E+27
1.585	0.1627E+27
1.712	0.1410E+27
1.848	0.1213E+27
1.996	0.1041E+27
2.155	0.8905E+26
2.327	0.7655E+26
2.513	0.1178E+26
2.713	0.1097E+26
2.930	0.9455E+25
3.163	0.8788E+25
3.416	0.8163E+25
3.688	0.6702E+25
3.983	0.5187E+25
4.301	0.4326E+25
4.644	0.3721E+25
5.014	0.3478E+25
5.415	0.2934E+25
5.847	0.2271E+25
6.313	0.2137E+25
6.817	0.2012E+25
7.361	0.1900E+25
7.948	0.1790E+25
8.583	0.1689E+25
9.268	0.1594E+25
10.01	0.1505E+25
10.81	0.1422E+25
11.67	0.1346E+25
12.60	0.1274E+25
13.60	0.1208E+25
14.69	0.1148E+25
15.86	0.1094E+25
17.13	0.1046E+25
18.50	0.1003E+25
19.97	0.9651E+24
21.57	0.9320E+24
23.29	0.9031E+24
25.14	0.8777E+24
27.15	0.8555E+24
29.32	0.8363E+24
31.66	0.8196E+24
34.18	0.8055E+24
36.91	0.7932E+24
39.86	0.7830E+24
43.04	0.7743E+24
46.47	0.7666E+24
50.18	0.7597E+24
54.18	0.7534E+24
58.51	0.7472E+24
63.18	0.7411E+24
68.22	0.7351E+24
73.66	0.7289E+24
79.54	0.7226E+24
85.89	0.7161E+24
92.74	0.7093E+24
100.1	0.7023E+24
108.1	0.6951E+24
116.8	0.6874E+24
126.1	0.6796E+24
136.1	0.6715E+24
147.0	0.6631E+24
158.7	0.6546E+24
171.4	0.6458E+24
185.1	0.6367E+24
199.9	0.6274E+24
215.8	0.6179E+24
233.0	0.6083E+24
251.6	0.5985E+24
271.7	0.5886E+24
293.4	0.5787E+24
316.8	0.5688E+24
342.1	0.5588E+24
369.4	0.5489E+24
398.9	0.5391E+24
430.7	0.5294E+24
465.0	0.5198E+24
502.2	0.5104E+24
542.2	0.5011E+24
585.5	0.4920E+24
632.2	0.4830E+24
682.7	0.4742E+24
737.2	0.4656E+24
796.0	0.4571E+24
859.5	0.4488E+24
928.1	0.4406E+24
1002.	0.4325E+24
1082.	0.4245E+24
1168.	0.4166E+24
1262.	0.4087E+24
1362.	0.4009E+24
1471.	0.3931E+24
1589.	0.3853E+24
1715.	0.3776E+24
1852.	0.3698E+24
2000.	0.3620E+24
 
 
E/N (Td)	Bulk mobility *N (1/m/V/s)
1.000	0.1103E+27
1.080	0.1055E+27
1.166	0.1015E+27
1.259	0.9828E+26
1.359	0.9561E+26
1.468	0.9359E+26
1.585	0.9215E+26
1.712	0.9135E+26
1.848	0.9096E+26
1.996	0.9039E+26
2.155	0.8959E+26
2.327	0.8798E+26
2.513	0.8706E+26
2.713	0.8153E+26
2.930	0.7540E+26
3.163	0.7007E+26
3.416	0.6494E+26
3.688	0.5549E+26
3.983	0.4408E+26
4.301	0.4565E+26
4.644	0.4105E+26
5.014	0.3673E+26
5.415	0.3155E+26
5.847	0.2907E+26
6.313	0.2623E+26
6.817	0.2363E+26
7.361	0.2109E+26
7.948	0.1896E+26
8.583	0.1701E+26
9.268	0.1523E+26
10.01	0.1362E+26
10.81	0.1215E+26
11.67	0.1074E+26
12.60	0.9540E+25
13.60	0.8454E+25
14.69	0.7474E+25
15.86	0.6594E+25
17.13	0.5809E+25
18.50	0.5090E+25
19.97	0.4479E+25
21.57	0.3942E+25
23.29	0.3472E+25
25.14	0.3054E+25
27.15	0.2700E+25
29.32	0.2393E+25
31.66	0.2130E+25
34.18	0.1908E+25
36.91	0.1723E+25
39.86	0.1573E+25
43.04	0.1452E+25
46.47	0.1353E+25
50.18	0.1273E+25
54.18	0.1206E+25
58.51	0.1149E+25
63.18	0.1101E+25
68.22	0.1057E+25
73.66	0.1018E+25
79.54	0.9828E+24
85.89	0.9502E+24
92.74	0.9200E+24
100.1	0.8919E+24
108.1	0.8657E+24
116.8	0.8412E+24
126.1	0.8183E+24
136.1	0.7971E+24
147.0	0.7773E+24
158.7	0.7589E+24
171.4	0.7418E+24
185.1	0.7260E+24
199.9	0.7113E+24
215.8	0.6977E+24
233.0	0.6851E+24
251.6	0.6734E+24
271.7	0.6626E+24
293.4	0.6524E+24
316.8	0.6429E+24
342.1	0.6338E+24
369.4	0.6252E+24
398.9	0.6170E+24
430.7	0.6091E+24
465.0	0.6014E+24
502.2	0.5939E+24
542.2	0.5866E+24
585.5	0.5793E+24
632.2	0.5722E+24
682.7	0.5650E+24
737.2	0.5578E+24
796.0	0.5506E+24
859.5	0.5434E+24
928.1	0.5361E+24
1002.	0.5287E+24
1082.	0.5212E+24
1168.	0.5136E+24
1262.	0.5058E+24
1362.	0.4979E+24
1471.	0.4899E+24
1589.	0.4817E+24
1715.	0.4733E+24
1852.	0.4648E+24
2000.	0.4561E+24
 
 
E/N (Td)	Diffusion coefficient *N (1/m/s)
1.000	0.5205E+26
1.080	0.4966E+26
1.166	0.4750E+26
1.259	0.4455E+26
1.359	0.4219E+26
1.468	0.3962E+26
1.585	0.3593E+26
1.712	0.3146E+26
1.848	0.2605E+26
1.996	0.2150E+26
2.155	0.1635E+26
2.327	0.1351E+26
2.513	0.3308E+25
2.713	0.3220E+25
2.930	0.3064E+25
3.163	0.2999E+25
3.416	0.2940E+25
3.688	0.2814E+25
3.983	0.2711E+25
4.301	0.2671E+25
4.644	0.2657E+25
5.014	0.2655E+25
5.415	0.2661E+25
5.847	0.2695E+25
6.313	0.2708E+25
6.817	0.2722E+25
7.361	0.2737E+25
7.948	0.2755E+25
8.583	0.2773E+25
9.268	0.2794E+25
10.01	0.2816E+25
10.81	0.2839E+25
11.67	0.2864E+25
12.60	0.2890E+25
13.60	0.2918E+25
14.69	0.2945E+25
15.86	0.2973E+25
17.13	0.2999E+25
18.50	0.3025E+25
19.97	0.3049E+25
21.57	0.3071E+25
23.29	0.3093E+25
25.14	0.3112E+25
27.15	0.3130E+25
29.32	0.3147E+25
31.66	0.3163E+25
34.18	0.3177E+25
36.91	0.3190E+25
39.86	0.3202E+25
43.04	0.3213E+25
46.47	0.3223E+25
50.18	0.3232E+25
54.18	0.3241E+25
58.51	0.3250E+25
63.18	0.3259E+25
68.22	0.3269E+25
73.66	0.3279E+25
79.54	0.3289E+25
85.89	0.3300E+25
92.74	0.3312E+25
100.1	0.3325E+25
108.1	0.3338E+25
116.8	0.3352E+25
126.1	0.3368E+25
136.1	0.3384E+25
147.0	0.3402E+25
158.7	0.3421E+25
171.4	0.3441E+25
185.1	0.3462E+25
199.9	0.3485E+25
215.8	0.3510E+25
233.0	0.3535E+25
251.6	0.3562E+25
271.7	0.3591E+25
293.4	0.3621E+25
316.8	0.3652E+25
342.1	0.3685E+25
369.4	0.3719E+25
398.9	0.3753E+25
430.7	0.3789E+25
465.0	0.3826E+25
502.2	0.3864E+25
542.2	0.3904E+25
585.5	0.3944E+25
632.2	0.3986E+25
682.7	0.4028E+25
737.2	0.4072E+25
796.0	0.4118E+25
859.5	0.4165E+25
928.1	0.4213E+25
1002.	0.4263E+25
1082.	0.4315E+25
1168.	0.4370E+25
1262.	0.4426E+25
1362.	0.4485E+25
1471.	0.4547E+25
1589.	0.4612E+25
1715.	0.4681E+25
1852.	0.4754E+25
2000.	0.4830E+25
 
 
E/N (Td)	Longitud. diffusion coef. *N (1/m/s)
1.000	-0.3378E+26
1.080	-0.3095E+26
1.166	-0.2813E+26
1.259	-0.2522E+26
1.359	-0.2225E+26
1.468	-0.1935E+26
1.585	-0.1646E+26
1.712	-0.1357E+26
1.848	-0.1084E+26
1.996	-0.8455E+25
2.155	-0.6406E+25
2.327	-0.4780E+25
2.513	0.2616E+25
2.713	0.2538E+25
2.930	0.2458E+25
3.163	0.2400E+25
3.416	0.2349E+25
3.688	0.2339E+25
3.983	0.2362E+25
4.301	0.2291E+25
4.644	0.2290E+25
5.014	0.2285E+25
5.415	0.2311E+25
5.847	0.2327E+25
6.313	0.2322E+25
6.817	0.2318E+25
7.361	0.2316E+25
7.948	0.2312E+25
8.583	0.2306E+25
9.268	0.2301E+25
10.01	0.2296E+25
10.81	0.2292E+25
11.67	0.2292E+25
12.60	0.2290E+25
13.60	0.2290E+25
14.69	0.2291E+25
15.86	0.2295E+25
17.13	0.2301E+25
18.50	0.2313E+25
19.97	0.2323E+25
21.57	0.2335E+25
23.29	0.2350E+25
25.14	0.2370E+25
27.15	0.2390E+25
29.32	0.2413E+25
31.66	0.2439E+25
34.18	0.2467E+25
36.91	0.2495E+25
39.86	0.2519E+25
43.04	0.2538E+25
46.47	0.2551E+25
50.18	0.2558E+25
54.18	0.2559E+25
58.51	0.2555E+25
63.18	0.2546E+25
68.22	0.2533E+25
73.66	0.2518E+25
79.54	0.2501E+25
85.89	0.2483E+25
92.74	0.2465E+25
100.1	0.2446E+25
108.1	0.2428E+25
116.8	0.2411E+25
126.1	0.2394E+25
136.1	0.2379E+25
147.0	0.2366E+25
158.7	0.2355E+25
171.4	0.2345E+25
185.1	0.2338E+25
199.9	0.2332E+25
215.8	0.2329E+25
233.0	0.2329E+25
251.6	0.2330E+25
271.7	0.2334E+25
293.4	0.2340E+25
316.8	0.2348E+25
342.1	0.2358E+25
369.4	0.2369E+25
398.9	0.2381E+25
430.7	0.2395E+25
465.0	0.2409E+25
502.2	0.2423E+25
542.2	0.2437E+25
585.5	0.2450E+25
632.2	0.2463E+25
682.7	0.2474E+25
737.2	0.2484E+25
796.0	0.2491E+25
859.5	0.2496E+25
928.1	0.2497E+25
1002.	0.2496E+25
1082.	0.2491E+25
1168.	0.2483E+25
1262.	0.2471E+25
1362.	0.2455E+25
1471.	0.2435E+25
1589.	0.2411E+25
1715.	0.2382E+25
1852.	0.2350E+25
2000.	0.2315E+25
 
 
E/N (Td)	Bulk T diffusion coef. *N (1/m/s)
1.000	0.8398E+25
1.080	0.8503E+25
1.166	0.8649E+25
1.259	0.8751E+25
1.359	0.8990E+25
1.468	0.9201E+25
1.585	0.9212E+25
1.712	0.9055E+25
1.848	0.8484E+25
1.996	0.7912E+25
2.155	0.6835E+25
2.327	0.6304E+25
2.513	0.3372E+25
2.713	0.3345E+25
2.930	0.3326E+25
3.163	0.3301E+25
3.416	0.3275E+25
3.688	0.3322E+25
3.983	0.3328E+25
4.301	0.3397E+25
4.644	0.3489E+25
5.014	0.3474E+25
5.415	0.3587E+25
5.847	0.3855E+25
6.313	0.3849E+25
6.817	0.3842E+25
7.361	0.3829E+25
7.948	0.3821E+25
8.583	0.3811E+25
9.268	0.3801E+25
10.01	0.3789E+25
10.81	0.3776E+25
11.67	0.3759E+25
12.60	0.3745E+25
13.60	0.3731E+25
14.69	0.3717E+25
15.86	0.3702E+25
17.13	0.3686E+25
18.50	0.3666E+25
19.97	0.3647E+25
21.57	0.3624E+25
23.29	0.3599E+25
25.14	0.3570E+25
27.15	0.3541E+25
29.32	0.3512E+25
31.66	0.3485E+25
34.18	0.3460E+25
36.91	0.3437E+25
39.86	0.3418E+25
43.04	0.3402E+25
46.47	0.3390E+25
50.18	0.3381E+25
54.18	0.3373E+25
58.51	0.3369E+25
63.18	0.3366E+25
68.22	0.3366E+25
73.66	0.3367E+25
79.54	0.3369E+25
85.89	0.3373E+25
92.74	0.3378E+25
100.1	0.3385E+25
108.1	0.3393E+25
116.8	0.3403E+25
126.1	0.3414E+25
136.1	0.3427E+25
147.0	0.3441E+25
158.7	0.3458E+25
171.4	0.3476E+25
185.1	0.3496E+25
199.9	0.3517E+25
215.8	0.3541E+25
233.0	0.3566E+25
251.6	0.3594E+25
271.7	0.3623E+25
293.4	0.3655E+25
316.8	0.3688E+25
342.1	0.3722E+25
369.4	0.3758E+25
398.9	0.3795E+25
430.7	0.3834E+25
465.0	0.3874E+25
502.2	0.3915E+25
542.2	0.3957E+25
585.5	0.4000E+25
632.2	0.4045E+25
682.7	0.4090E+25
737.2	0.4137E+25
796.0	0.4185E+25
859.5	0.4234E+25
928.1	0.4284E+25
1002.	0.4337E+25
1082.	0.4391E+25
1168.	0.4447E+25
1262.	0.4505E+25
1362.	0.4565E+25
1471.	0.4628E+25
1589.	0.4694E+25
1715.	0.4764E+25
1852.	0.4838E+25
2000.	0.4916E+25
 
 
E/N (Td)	Bulk L diffusion coef. *N (1/m/s)
1.000	0.4061E+25
1.080	0.4031E+25
1.166	0.3973E+25
1.259	0.3871E+25
1.359	0.3739E+25
1.468	0.3562E+25
1.585	0.3334E+25
1.712	0.3044E+25
1.848	0.2685E+25
1.996	0.2293E+25
2.155	0.1886E+25
2.327	0.1520E+25
2.513	0.3184E+25
2.713	0.3177E+25
2.930	0.3727E+25
3.163	0.3693E+25
3.416	0.3651E+25
3.688	0.4686E+25
3.983	0.5056E+25
4.301	0.5133E+25
4.644	0.5308E+25
5.014	0.5248E+25
5.415	0.5680E+25
5.847	0.1501E+25
6.313	0.1453E+25
6.817	0.1405E+25
7.361	0.1319E+25
7.948	0.1251E+25
8.583	0.1183E+25
9.268	0.1113E+25
10.01	0.1042E+25
10.81	0.9671E+24
11.67	0.9271E+24
12.60	0.8550E+24
13.60	0.7845E+24
14.69	0.7167E+24
15.86	0.6533E+24
17.13	0.5956E+24
18.50	0.5703E+24
19.97	0.5256E+24
21.57	0.4896E+24
23.29	0.4634E+24
25.14	0.4683E+24
27.15	0.4706E+24
29.32	0.4993E+24
31.66	0.5628E+24
34.18	0.6655E+24
36.91	0.8143E+24
39.86	0.9772E+24
43.04	0.1151E+25
46.47	0.1321E+25
50.18	0.1477E+25
54.18	0.1614E+25
58.51	0.1726E+25
63.18	0.1818E+25
68.22	0.1891E+25
73.66	0.1950E+25
79.54	0.1997E+25
85.89	0.2035E+25
92.74	0.2065E+25
100.1	0.2091E+25
108.1	0.2114E+25
116.8	0.2136E+25
126.1	0.2156E+25
136.1	0.2176E+25
147.0	0.2196E+25
158.7	0.2219E+25
171.4	0.2242E+25
185.1	0.2268E+25
199.9	0.2296E+25
215.8	0.2326E+25
233.0	0.2358E+25
251.6	0.2392E+25
271.7	0.2428E+25
293.4	0.2465E+25
316.8	0.2503E+25
342.1	0.2541E+25
369.4	0.2579E+25
398.9	0.2617E+25
430.7	0.2654E+25
465.0	0.2691E+25
502.2	0.2725E+25
542.2	0.2758E+25
585.5	0.2788E+25
632.2	0.2817E+25
682.7	0.2842E+25
737.2	0.2864E+25
796.0	0.2883E+25
859.5	0.2898E+25
928.1	0.2909E+25
1002.	0.2917E+25
1082.	0.2920E+25
1168.	0.2920E+25
1262.	0.2915E+25
1362.	0.2906E+25
1471.	0.2893E+25
1589.	0.2877E+25
1715.	0.2857E+25
1852.	0.2835E+25
2000.	0.2810E+25
 
 
E/N (Td)	Energy mobility *N (1/m/V/s)
1.000	0.4930E+27
1.080	0.4417E+27
1.166	0.3941E+27
1.259	0.3500E+27
1.359	0.3089E+27
1.468	0.2713E+27
1.585	0.2369E+27
1.712	0.2050E+27
1.848	0.1762E+27
1.996	0.1512E+27
2.155	0.1294E+27
2.327	0.1113E+27
2.513	0.1564E+26
2.713	0.1454E+26
2.930	0.1249E+26
3.163	0.1160E+26
3.416	0.1077E+26
3.688	0.8828E+25
3.983	0.6847E+25
4.301	0.5742E+25
4.644	0.4976E+25
5.014	0.4674E+25
5.415	0.3987E+25
5.847	0.3140E+25
6.313	0.2970E+25
6.817	0.2811E+25
7.361	0.2667E+25
7.948	0.2525E+25
8.583	0.2391E+25
9.268	0.2265E+25
10.01	0.2147E+25
10.81	0.2037E+25
11.67	0.1935E+25
12.60	0.1839E+25
13.60	0.1752E+25
14.69	0.1672E+25
15.86	0.1601E+25
17.13	0.1538E+25
18.50	0.1484E+25
19.97	0.1435E+25
21.57	0.1393E+25
23.29	0.1357E+25
25.14	0.1325E+25
27.15	0.1296E+25
29.32	0.1270E+25
31.66	0.1248E+25
34.18	0.1228E+25
36.91	0.1211E+25
39.86	0.1195E+25
43.04	0.1181E+25
46.47	0.1169E+25
50.18	0.1157E+25
54.18	0.1146E+25
58.51	0.1136E+25
63.18	0.1125E+25
68.22	0.1115E+25
73.66	0.1104E+25
79.54	0.1093E+25
85.89	0.1082E+25
92.74	0.1070E+25
100.1	0.1058E+25
108.1	0.1046E+25
116.8	0.1033E+25
126.1	0.1020E+25
136.1	0.1006E+25
147.0	0.9923E+24
158.7	0.9781E+24
171.4	0.9634E+24
185.1	0.9485E+24
199.9	0.9334E+24
215.8	0.9181E+24
233.0	0.9028E+24
251.6	0.8875E+24
271.7	0.8722E+24
293.4	0.8572E+24
316.8	0.8423E+24
342.1	0.8277E+24
369.4	0.8134E+24
398.9	0.7995E+24
430.7	0.7859E+24
465.0	0.7727E+24
502.2	0.7599E+24
542.2	0.7474E+24
585.5	0.7352E+24
632.2	0.7234E+24
682.7	0.7119E+24
737.2	0.7005E+24
796.0	0.6895E+24
859.5	0.6785E+24
928.1	0.6677E+24
1002.	0.6569E+24
1082.	0.6462E+24
1168.	0.6355E+24
1262.	0.6247E+24
1362.	0.6140E+24
1471.	0.6030E+24
1589.	0.5921E+24
1715.	0.5810E+24
1852.	0.5699E+24
2000.	0.5586E+24
 
 
E/N (Td)	Energy diffusion coef. *N (1/m/s)
1.000	0.7536E+26
1.080	0.7134E+26
1.166	0.6751E+26
1.259	0.6277E+26
1.359	0.5890E+26
1.468	0.5470E+26
1.585	0.4921E+26
1.712	0.4293E+26
1.848	0.3539E+26
1.996	0.2910E+26
2.155	0.2206E+26
2.327	0.1815E+26
2.513	0.4002E+25
2.713	0.3877E+25
2.930	0.3651E+25
3.163	0.3555E+25
3.416	0.3467E+25
3.688	0.3274E+25
3.983	0.3098E+25
4.301	0.3015E+25
4.644	0.2968E+25
5.014	0.2952E+25
5.415	0.2927E+25
5.847	0.2927E+25
6.313	0.2934E+25
6.817	0.2943E+25
7.361	0.2955E+25
7.948	0.2970E+25
8.583	0.2988E+25
9.268	0.3009E+25
10.01	0.3032E+25
10.81	0.3058E+25
11.67	0.3086E+25
12.60	0.3115E+25
13.60	0.3145E+25
14.69	0.3176E+25
15.86	0.3205E+25
17.13	0.3234E+25
18.50	0.3261E+25
19.97	0.3286E+25
21.57	0.3309E+25
23.29	0.3331E+25
25.14	0.3350E+25
27.15	0.3369E+25
29.32	0.3386E+25
31.66	0.3402E+25
34.18	0.3417E+25
36.91	0.3432E+25
39.86	0.3445E+25
43.04	0.3458E+25
46.47	0.3470E+25
50.18	0.3481E+25
54.18	0.3493E+25
58.51	0.3505E+25
63.18	0.3517E+25
68.22	0.3530E+25
73.66	0.3544E+25
79.54	0.3558E+25
85.89	0.3573E+25
92.74	0.3590E+25
100.1	0.3607E+25
108.1	0.3626E+25
116.8	0.3647E+25
126.1	0.3669E+25
136.1	0.3693E+25
147.0	0.3719E+25
158.7	0.3748E+25
171.4	0.3778E+25
185.1	0.3810E+25
199.9	0.3845E+25
215.8	0.3881E+25
233.0	0.3920E+25
251.6	0.3961E+25
271.7	0.4003E+25
293.4	0.4048E+25
316.8	0.4095E+25
342.1	0.4143E+25
369.4	0.4193E+25
398.9	0.4245E+25
430.7	0.4299E+25
465.0	0.4355E+25
502.2	0.4412E+25
542.2	0.4472E+25
585.5	0.4533E+25
632.2	0.4598E+25
682.7	0.4664E+25
737.2	0.4733E+25
796.0	0.4805E+25
859.5	0.4881E+25
928.1	0.4960E+25
1002.	0.5043E+25
1082.	0.5130E+25
1168.	0.5222E+25
1262.	0.5319E+25
1362.	0.5422E+25
1471.	0.5531E+25
1589.	0.5648E+25
1715.	0.5771E+25
1852.	0.5904E+25
2000.	0.6046E+25
 
 
E/N (Td)	Total collision freq. /N (m3/s)
1.000	0.6366E-13
1.080	0.6321E-13
1.166	0.6279E-13
1.259	0.6241E-13
1.359	0.6205E-13
1.468	0.6171E-13
1.585	0.6138E-13
1.712	0.6109E-13
1.848	0.6082E-13
1.996	0.6053E-13
2.155	0.6023E-13
2.327	0.5985E-13
2.513	0.4939E-13
2.713	0.4883E-13
2.930	0.4783E-13
3.163	0.4740E-13
3.416	0.4704E-13
3.688	0.4658E-13
3.983	0.4727E-13
4.301	0.4890E-13
4.644	0.5113E-13
5.014	0.5238E-13
5.415	0.5653E-13
5.847	0.6570E-13
6.313	0.6841E-13
6.817	0.7134E-13
7.361	0.7438E-13
7.948	0.7779E-13
8.583	0.8144E-13
9.268	0.8535E-13
10.01	0.8952E-13
10.81	0.9395E-13
11.67	0.9855E-13
12.60	0.1034E-12
13.60	0.1084E-12
14.69	0.1134E-12
15.86	0.1184E-12
17.13	0.1232E-12
18.50	0.1278E-12
19.97	0.1322E-12
21.57	0.1362E-12
23.29	0.1401E-12
25.14	0.1436E-12
27.15	0.1469E-12
29.32	0.1500E-12
31.66	0.1529E-12
34.18	0.1554E-12
36.91	0.1578E-12
39.86	0.1600E-12
43.04	0.1619E-12
46.47	0.1638E-12
50.18	0.1655E-12
54.18	0.1671E-12
58.51	0.1688E-12
63.18	0.1705E-12
68.22	0.1722E-12
73.66	0.1739E-12
79.54	0.1758E-12
85.89	0.1777E-12
92.74	0.1797E-12
100.1	0.1818E-12
108.1	0.1841E-12
116.8	0.1865E-12
126.1	0.1891E-12
136.1	0.1918E-12
147.0	0.1946E-12
158.7	0.1976E-12
171.4	0.2008E-12
185.1	0.2042E-12
199.9	0.2078E-12
215.8	0.2115E-12
233.0	0.2154E-12
251.6	0.2194E-12
271.7	0.2236E-12
293.4	0.2280E-12
316.8	0.2325E-12
342.1	0.2371E-12
369.4	0.2418E-12
398.9	0.2467E-12
430.7	0.2516E-12
465.0	0.2566E-12
502.2	0.2616E-12
542.2	0.2668E-12
585.5	0.2720E-12
632.2	0.2772E-12
682.7	0.2825E-12
737.2	0.2879E-12
796.0	0.2933E-12
859.5	0.2988E-12
928.1	0.3043E-12
1002.	0.3100E-12
1082.	0.3157E-12
1168.	0.3215E-12
1262.	0.3274E-12
1362.	0.3335E-12
1471.	0.3397E-12
1589.	0.3460E-12
1715.	0.3525E-12
1852.	0.3591E-12
2000.	0.3659E-12
 
 
E/N (Td)	Momentum frequency /N (m3/s)
1.000	0.5373E-15
1.080	0.5961E-15
1.166	0.6634E-15
1.259	0.7424E-15
1.359	0.8365E-15
1.468	0.9473E-15
1.585	0.1081E-14
1.712	0.1247E-14
1.848	0.1450E-14
1.996	0.1690E-14
2.155	0.1975E-14
2.327	0.2298E-14
2.513	0.1493E-13
2.713	0.1604E-13
2.930	0.1860E-13
3.163	0.2001E-13
3.416	0.2155E-13
3.688	0.2624E-13
3.983	0.3391E-13
4.301	0.4066E-13
4.644	0.4727E-13
5.014	0.5056E-13
5.415	0.5994E-13
5.847	0.7745E-13
6.313	0.8231E-13
6.817	0.8742E-13
7.361	0.9259E-13
7.948	0.9823E-13
8.583	0.1042E-12
9.268	0.1104E-12
10.01	0.1169E-12
10.81	0.1237E-12
11.67	0.1307E-12
12.60	0.1380E-12
13.60	0.1456E-12
14.69	0.1532E-12
15.86	0.1608E-12
17.13	0.1682E-12
18.50	0.1754E-12
19.97	0.1822E-12
21.57	0.1887E-12
23.29	0.1948E-12
25.14	0.2004E-12
27.15	0.2056E-12
29.32	0.2103E-12
31.66	0.2146E-12
34.18	0.2184E-12
36.91	0.2217E-12
39.86	0.2246E-12
43.04	0.2271E-12
46.47	0.2294E-12
50.18	0.2315E-12
54.18	0.2334E-12
58.51	0.2354E-12
63.18	0.2373E-12
68.22	0.2393E-12
73.66	0.2413E-12
79.54	0.2434E-12
85.89	0.2456E-12
92.74	0.2480E-12
100.1	0.2504E-12
108.1	0.2530E-12
116.8	0.2559E-12
126.1	0.2588E-12
136.1	0.2619E-12
147.0	0.2652E-12
158.7	0.2687E-12
171.4	0.2724E-12
185.1	0.2763E-12
199.9	0.2804E-12
215.8	0.2847E-12
233.0	0.2892E-12
251.6	0.2939E-12
271.7	0.2988E-12
293.4	0.3039E-12
316.8	0.3092E-12
342.1	0.3147E-12
369.4	0.3204E-12
398.9	0.3262E-12
430.7	0.3322E-12
465.0	0.3384E-12
502.2	0.3446E-12
542.2	0.3510E-12
585.5	0.3575E-12
632.2	0.3641E-12
682.7	0.3709E-12
737.2	0.3777E-12
796.0	0.3847E-12
859.5	0.3919E-12
928.1	0.3992E-12
1002.	0.4067E-12
1082.	0.4143E-12
1168.	0.4222E-12
1262.	0.4303E-12
1362.	0.4387E-12
1471.	0.4474E-12
1589.	0.4564E-12
1715.	0.4658E-12
1852.	0.4756E-12
2000.	0.4858E-12
 
 
E/N (Td)	Total ionization freq. /N (m3/s)
1.000	0.000
1.080	0.000
1.166	0.000
1.259	0.000
1.359	0.000
1.468	0.000
1.585	0.000
1.712	0.000
1.848	0.000
1.996	0.000
2.155	0.000
2.327	0.000
2.513	0.000
2.713	0.000
2.930	0.000
3.163	0.000
3.416	0.000
3.688	0.000
3.983	0.000
4.301	0.000
4.644	0.000
5.014	0.000
5.415	0.000
5.847	0.000
6.313	0.000
6.817	0.000
7.361	0.000
7.948	0.000
8.583	0.000
9.268	0.000
10.01	0.000
10.81	0.000
11.67	0.000
12.60	0.000
13.60	0.000
14.69	0.000
15.86	0.000
17.13	0.000
18.50	0.7662E-27
19.97	0.5097E-26
21.57	0.2940E-25
23.29	0.1487E-24
25.14	0.6941E-24
27.15	0.2790E-23
29.32	0.1017E-22
31.66	0.3389E-22
34.18	0.1039E-21
36.91	0.2978E-21
39.86	0.7862E-21
43.04	0.1946E-20
46.47	0.4538E-20
50.18	0.1003E-19
54.18	0.2115E-19
58.51	0.4251E-19
63.18	0.8201E-19
68.22	0.1525E-18
73.66	0.2743E-18
79.54	0.4789E-18
85.89	0.8121E-18
92.74	0.1343E-17
100.1	0.2168E-17
108.1	0.3427E-17
116.8	0.5312E-17
126.1	0.8075E-17
136.1	0.1206E-16
147.0	0.1772E-16
158.7	0.2562E-16
171.4	0.3650E-16
185.1	0.5125E-16
199.9	0.7097E-16
215.8	0.9699E-16
233.0	0.1309E-15
251.6	0.1745E-15
271.7	0.2299E-15
293.4	0.2997E-15
316.8	0.3864E-15
342.1	0.4932E-15
369.4	0.6237E-15
398.9	0.7816E-15
430.7	0.9712E-15
465.0	0.1197E-14
502.2	0.1465E-14
542.2	0.1781E-14
585.5	0.2151E-14
632.2	0.2582E-14
682.7	0.3082E-14
737.2	0.3661E-14
796.0	0.4328E-14
859.5	0.5093E-14
928.1	0.5969E-14
1002.	0.6970E-14
1082.	0.8109E-14
1168.	0.9404E-14
1262.	0.1087E-13
1362.	0.1253E-13
1471.	0.1440E-13
1589.	0.1651E-13
1715.	0.1887E-13
1852.	0.2152E-13
2000.	0.2448E-13
 
 
E/N (Td)	Total attachment freq. /N (m3/s)
1.000	0.2896E-13
1.080	0.2871E-13
1.166	0.2847E-13
1.259	0.2826E-13
1.359	0.2805E-13
1.468	0.2786E-13
1.585	0.2767E-13
1.712	0.2749E-13
1.848	0.2731E-13
1.996	0.2712E-13
2.155	0.2693E-13
2.327	0.2668E-13
2.513	0.1780E-13
2.713	0.1718E-13
2.930	0.1585E-13
3.163	0.1517E-13
3.416	0.1448E-13
3.688	0.1262E-13
3.983	0.1021E-13
4.301	0.8588E-14
4.644	0.7327E-14
5.014	0.6793E-14
5.415	0.5541E-14
5.847	0.3939E-14
6.313	0.3612E-14
6.817	0.3309E-14
7.361	0.3039E-14
7.948	0.2778E-14
8.583	0.2539E-14
9.268	0.2320E-14
10.01	0.2120E-14
10.81	0.1938E-14
11.67	0.1774E-14
12.60	0.1625E-14
13.60	0.1491E-14
14.69	0.1373E-14
15.86	0.1270E-14
17.13	0.1180E-14
18.50	0.1104E-14
19.97	0.1038E-14
21.57	0.9832E-15
23.29	0.9368E-15
25.14	0.8982E-15
27.15	0.8660E-15
29.32	0.8397E-15
31.66	0.8187E-15
34.18	0.8025E-15
36.91	0.7902E-15
39.86	0.7812E-15
43.04	0.7748E-15
46.47	0.7702E-15
50.18	0.7668E-15
54.18	0.7642E-15
58.51	0.7621E-15
63.18	0.7601E-15
68.22	0.7580E-15
73.66	0.7557E-15
79.54	0.7528E-15
85.89	0.7497E-15
92.74	0.7460E-15
100.1	0.7416E-15
108.1	0.7366E-15
116.8	0.7314E-15
126.1	0.7248E-15
136.1	0.7173E-15
147.0	0.7090E-15
158.7	0.6993E-15
171.4	0.6892E-15
185.1	0.6781E-15
199.9	0.6661E-15
215.8	0.6531E-15
233.0	0.6392E-15
251.6	0.6247E-15
271.7	0.6094E-15
293.4	0.5938E-15
316.8	0.5773E-15
342.1	0.5603E-15
369.4	0.5430E-15
398.9	0.5255E-15
430.7	0.5079E-15
465.0	0.4903E-15
502.2	0.4727E-15
542.2	0.4553E-15
585.5	0.4382E-15
632.2	0.4213E-15
682.7	0.4047E-15
737.2	0.3884E-15
796.0	0.3725E-15
859.5	0.3570E-15
928.1	0.3418E-15
1002.	0.3269E-15
1082.	0.3125E-15
1168.	0.2984E-15
1262.	0.2847E-15
1362.	0.2713E-15
1471.	0.2583E-15
1589.	0.2456E-15
1715.	0.2333E-15
1852.	0.2213E-15
2000.	0.2096E-15
 
 
E/N (Td)	Townsend ioniz. coef. alpha/N (m2)
1.000	0.000
1.080	0.000
1.166	0.000
1.259	0.000
1.359	0.000
1.468	0.000
1.585	0.000
1.712	0.000
1.848	0.000
1.996	0.000
2.155	0.000
2.327	0.000
2.513	0.000
2.713	0.000
2.930	0.000
3.163	0.000
3.416	0.000
3.688	0.000
3.983	0.000
4.301	0.000
4.644	0.000
5.014	0.000
5.415	0.000
5.847	0.000
6.313	0.000
6.817	0.000
7.361	0.000
7.948	0.000
8.583	0.000
9.268	0.000
10.01	0.000
10.81	0.000
11.67	0.000
12.60	0.000
13.60	0.000
14.69	0.000
15.86	0.000
17.13	0.000
18.50	0.4131E-31
19.97	0.2644E-30
21.57	0.1463E-29
23.29	0.7070E-29
25.14	0.3145E-28
27.15	0.1201E-27
29.32	0.4148E-27
31.66	0.1306E-26
34.18	0.3773E-26
36.91	0.1017E-25
39.86	0.2519E-25
43.04	0.5838E-25
46.47	0.1274E-24
50.18	0.2630E-24
54.18	0.5181E-24
58.51	0.9722E-24
63.18	0.1752E-23
68.22	0.3042E-23
73.66	0.5108E-23
79.54	0.8331E-23
85.89	0.1320E-22
92.74	0.2041E-22
100.1	0.3083E-22
108.1	0.4559E-22
116.8	0.6618E-22
126.1	0.9424E-22
136.1	0.1319E-21
147.0	0.1817E-21
158.7	0.2466E-21
171.4	0.3297E-21
185.1	0.4349E-21
199.9	0.5660E-21
215.8	0.7274E-21
233.0	0.9234E-21
251.6	0.1159E-20
271.7	0.1438E-20
293.4	0.1765E-20
316.8	0.2144E-20
342.1	0.2580E-20
369.4	0.3076E-20
398.9	0.3635E-20
430.7	0.4260E-20
465.0	0.4953E-20
502.2	0.5718E-20
542.2	0.6555E-20
585.5	0.7467E-20
632.2	0.8455E-20
682.7	0.9521E-20
737.2	0.1067E-19
796.0	0.1189E-19
859.5	0.1320E-19
928.1	0.1460E-19
1002.	0.1608E-19
1082.	0.1765E-19
1168.	0.1932E-19
1262.	0.2108E-19
1362.	0.2294E-19
1471.	0.2490E-19
1589.	0.2697E-19
1715.	0.2914E-19
1852.	0.3142E-19
2000.	0.3381E-19
 
 
E/N (Td)	Townsend attach. coef. eta/N (m2)
1.000	0.8849E-19
1.080	0.9011E-19
1.166	0.9212E-19
1.259	0.9475E-19
1.359	0.9815E-19
1.468	0.1022E-18
1.585	0.1073E-18
1.712	0.1139E-18
1.848	0.1218E-18
1.996	0.1306E-18
2.155	0.1403E-18
2.327	0.1498E-18
2.513	0.6011E-18
2.713	0.5773E-18
2.930	0.5721E-18
3.163	0.5458E-18
3.416	0.5194E-18
3.688	0.5104E-18
3.983	0.4944E-18
4.301	0.4616E-18
4.644	0.4241E-18
5.014	0.3895E-18
5.415	0.3487E-18
5.847	0.2967E-18
6.313	0.2678E-18
6.817	0.2413E-18
7.361	0.2173E-18
7.948	0.1952E-18
8.583	0.1752E-18
9.268	0.1571E-18
10.01	0.1408E-18
10.81	0.1261E-18
11.67	0.1129E-18
12.60	0.1012E-18
13.60	0.9070E-19
14.69	0.8140E-19
15.86	0.7317E-19
17.13	0.6590E-19
18.50	0.5951E-19
19.97	0.5387E-19
21.57	0.4892E-19
23.29	0.4455E-19
25.14	0.4070E-19
27.15	0.3728E-19
29.32	0.3425E-19
31.66	0.3155E-19
34.18	0.2915E-19
36.91	0.2699E-19
39.86	0.2503E-19
43.04	0.2325E-19
46.47	0.2162E-19
50.18	0.2011E-19
54.18	0.1872E-19
58.51	0.1743E-19
63.18	0.1623E-19
68.22	0.1512E-19
73.66	0.1407E-19
79.54	0.1310E-19
85.89	0.1219E-19
92.74	0.1134E-19
100.1	0.1054E-19
108.1	0.9800E-20
116.8	0.9112E-20
126.1	0.8459E-20
136.1	0.7846E-20
147.0	0.7272E-20
158.7	0.6730E-20
171.4	0.6226E-20
185.1	0.5754E-20
199.9	0.5312E-20
215.8	0.4898E-20
233.0	0.4510E-20
251.6	0.4148E-20
271.7	0.3810E-20
293.4	0.3497E-20
316.8	0.3204E-20
342.1	0.2931E-20
369.4	0.2678E-20
398.9	0.2444E-20
430.7	0.2228E-20
465.0	0.2028E-20
502.2	0.1844E-20
542.2	0.1676E-20
585.5	0.1521E-20
632.2	0.1380E-20
682.7	0.1250E-20
737.2	0.1132E-20
796.0	0.1024E-20
859.5	0.9254E-21
928.1	0.8358E-21
1002.	0.7543E-21
1082.	0.6803E-21
1168.	0.6130E-21
1262.	0.5520E-21
1362.	0.4968E-21
1471.	0.4467E-21
1589.	0.4013E-21
1715.	0.3602E-21
1852.	0.3231E-21
2000.	0.2895E-21
 
 
E/N (Td)	Power /N (eV m3/s)
1.000	0.3273E-15
1.080	0.3440E-15
1.166	0.3604E-15
1.259	0.3755E-15
1.359	0.3886E-15
1.468	0.4001E-15
1.585	0.4088E-15
1.712	0.4132E-15
1.848	0.4143E-15
1.996	0.4144E-15
2.155	0.4135E-15
2.327	0.4145E-15
2.513	0.7440E-16
2.713	0.8073E-16
2.930	0.8115E-16
3.163	0.8795E-16
3.416	0.9524E-16
3.688	0.9117E-16
3.983	0.8228E-16
4.301	0.8001E-16
4.644	0.8024E-16
5.014	0.8746E-16
5.415	0.8603E-16
5.847	0.7762E-16
6.313	0.8516E-16
6.817	0.9350E-16
7.361	0.1029E-15
7.948	0.1131E-15
8.583	0.1244E-15
9.268	0.1369E-15
10.01	0.1507E-15
10.81	0.1660E-15
11.67	0.1833E-15
12.60	0.2023E-15
13.60	0.2237E-15
14.69	0.2478E-15
15.86	0.2753E-15
17.13	0.3067E-15
18.50	0.3431E-15
19.97	0.3849E-15
21.57	0.4334E-15
23.29	0.4897E-15
25.14	0.5549E-15
27.15	0.6307E-15
29.32	0.7188E-15
31.66	0.8214E-15
34.18	0.9412E-15
36.91	0.1081E-14
39.86	0.1244E-14
43.04	0.1434E-14
46.47	0.1656E-14
50.18	0.1913E-14
54.18	0.2212E-14
58.51	0.2558E-14
63.18	0.2958E-14
68.22	0.3421E-14
73.66	0.3955E-14
79.54	0.4572E-14
85.89	0.5282E-14
92.74	0.6101E-14
100.1	0.7043E-14
108.1	0.8127E-14
116.8	0.9372E-14
126.1	0.1080E-13
136.1	0.1245E-13
147.0	0.1433E-13
158.7	0.1650E-13
171.4	0.1897E-13
185.1	0.2181E-13
199.9	0.2506E-13
215.8	0.2878E-13
233.0	0.3303E-13
251.6	0.3789E-13
271.7	0.4345E-13
293.4	0.4981E-13
316.8	0.5708E-13
342.1	0.6539E-13
369.4	0.7490E-13
398.9	0.8577E-13
430.7	0.9820E-13
465.0	0.1124E-12
502.2	0.1287E-12
542.2	0.1473E-12
585.5	0.1687E-12
632.2	0.1931E-12
682.7	0.2210E-12
737.2	0.2530E-12
796.0	0.2896E-12
859.5	0.3316E-12
928.1	0.3795E-12
1002.	0.4344E-12
1082.	0.4971E-12
1168.	0.5688E-12
1262.	0.6507E-12
1362.	0.7441E-12
1471.	0.8508E-12
1589.	0.9724E-12
1715.	0.1111E-11
1852.	0.1269E-11
2000.	0.1448E-11
 
 
E/N (Td)	Elastic power loss /N (eV m3/s)
1.000	0.8234E-19
1.080	0.8236E-19
1.166	0.8237E-19
1.259	0.8240E-19
1.359	0.8244E-19
1.468	0.8250E-19
1.585	0.8260E-19
1.712	0.8274E-19
1.848	0.8293E-19
1.996	0.8316E-19
2.155	0.8345E-19
2.327	0.8376E-19
2.513	0.1259E-18
2.713	0.1310E-18
2.930	0.1443E-18
3.163	0.1520E-18
3.416	0.1610E-18
3.688	0.1928E-18
3.983	0.2557E-18
4.301	0.3216E-18
4.644	0.3953E-18
5.014	0.4347E-18
5.415	0.5629E-18
5.847	0.8654E-18
6.313	0.9623E-18
6.817	0.1072E-17
7.361	0.1191E-17
7.948	0.1331E-17
8.583	0.1489E-17
9.268	0.1667E-17
10.01	0.1868E-17
10.81	0.2093E-17
11.67	0.2339E-17
12.60	0.2612E-17
13.60	0.2905E-17
14.69	0.3215E-17
15.86	0.3535E-17
17.13	0.3858E-17
18.50	0.4178E-17
19.97	0.4491E-17
21.57	0.4794E-17
23.29	0.5084E-17
25.14	0.5361E-17
27.15	0.5627E-17
29.32	0.5882E-17
31.66	0.6123E-17
34.18	0.6350E-17
36.91	0.6565E-17
39.86	0.6765E-17
43.04	0.6954E-17
46.47	0.7134E-17
50.18	0.7310E-17
54.18	0.7484E-17
58.51	0.7660E-17
63.18	0.7841E-17
68.22	0.8030E-17
73.66	0.8229E-17
79.54	0.8440E-17
85.89	0.8666E-17
92.74	0.8909E-17
100.1	0.9172E-17
108.1	0.9457E-17
116.8	0.9767E-17
126.1	0.1010E-16
136.1	0.1047E-16
147.0	0.1087E-16
158.7	0.1130E-16
171.4	0.1177E-16
185.1	0.1228E-16
199.9	0.1283E-16
215.8	0.1342E-16
233.0	0.1405E-16
251.6	0.1474E-16
271.7	0.1546E-16
293.4	0.1624E-16
316.8	0.1706E-16
342.1	0.1793E-16
369.4	0.1885E-16
398.9	0.1981E-16
430.7	0.2083E-16
465.0	0.2189E-16
502.2	0.2301E-16
542.2	0.2417E-16
585.5	0.2540E-16
632.2	0.2668E-16
682.7	0.2803E-16
737.2	0.2944E-16
796.0	0.3093E-16
859.5	0.3250E-16
928.1	0.3416E-16
1002.	0.3593E-16
1082.	0.3780E-16
1168.	0.3981E-16
1262.	0.4195E-16
1362.	0.4425E-16
1471.	0.4672E-16
1589.	0.4940E-16
1715.	0.5229E-16
1852.	0.5543E-16
2000.	0.5884E-16
 
 
E/N (Td)	Inelastic power loss /N (eV m3/s)
1.000	0.8515E-14
1.080	0.8511E-14
1.166	0.8507E-14
1.259	0.8504E-14
1.359	0.8501E-14
1.468	0.8497E-14
1.585	0.8494E-14
1.712	0.8491E-14
1.848	0.8487E-14
1.996	0.8484E-14
2.155	0.8481E-14
2.327	0.8476E-14
2.513	0.8241E-14
2.713	0.8217E-14
2.930	0.8157E-14
3.163	0.8121E-14
3.416	0.8080E-14
3.688	0.7931E-14
3.983	0.7640E-14
4.301	0.7352E-14
4.644	0.7060E-14
5.014	0.6916E-14
5.415	0.6508E-14
5.847	0.5829E-14
6.313	0.5668E-14
6.817	0.5510E-14
7.361	0.5364E-14
7.948	0.5217E-14
8.583	0.5077E-14
9.268	0.4946E-14
10.01	0.4823E-14
10.81	0.4708E-14
11.67	0.4603E-14
12.60	0.4504E-14
13.60	0.4414E-14
14.69	0.4334E-14
15.86	0.4265E-14
17.13	0.4207E-14
18.50	0.4163E-14
19.97	0.4134E-14
21.57	0.4122E-14
23.29	0.4128E-14
25.14	0.4155E-14
27.15	0.4203E-14
29.32	0.4275E-14
31.66	0.4372E-14
34.18	0.4497E-14
36.91	0.4651E-14
39.86	0.4835E-14
43.04	0.5053E-14
46.47	0.5305E-14
50.18	0.5597E-14
54.18	0.5932E-14
58.51	0.6317E-14
63.18	0.6756E-14
68.22	0.7259E-14
73.66	0.7834E-14
79.54	0.8490E-14
85.89	0.9241E-14
92.74	0.1010E-13
100.1	0.1108E-13
108.1	0.1220E-13
116.8	0.1348E-13
126.1	0.1493E-13
136.1	0.1659E-13
147.0	0.1848E-13
158.7	0.2063E-13
171.4	0.2307E-13
185.1	0.2585E-13
199.9	0.2899E-13
215.8	0.3254E-13
233.0	0.3657E-13
251.6	0.4111E-13
271.7	0.4624E-13
293.4	0.5204E-13
316.8	0.5856E-13
342.1	0.6592E-13
369.4	0.7420E-13
398.9	0.8354E-13
430.7	0.9406E-13
465.0	0.1059E-12
502.2	0.1193E-12
542.2	0.1344E-12
585.5	0.1514E-12
632.2	0.1705E-12
682.7	0.1922E-12
737.2	0.2166E-12
796.0	0.2442E-12
859.5	0.2753E-12
928.1	0.3104E-12
1002.	0.3499E-12
1082.	0.3945E-12
1168.	0.4446E-12
1262.	0.5010E-12
1362.	0.5643E-12
1471.	0.6353E-12
1589.	0.7148E-12
1715.	0.8036E-12
1852.	0.9028E-12
2000.	0.1013E-11
 
 
E/N (Td)	Growth power /N (eV m3/s)
1.000	-0.8188E-14
1.080	-0.8167E-14
1.166	-0.8147E-14
1.259	-0.8129E-14
1.359	-0.8112E-14
1.468	-0.8097E-14
1.585	-0.8085E-14
1.712	-0.8077E-14
1.848	-0.8073E-14
1.996	-0.8069E-14
2.155	-0.8067E-14
2.327	-0.8062E-14
2.513	-0.8166E-14
2.713	-0.8137E-14
2.930	-0.8076E-14
3.163	-0.8033E-14
3.416	-0.7985E-14
3.688	-0.7840E-14
3.983	-0.7558E-14
4.301	-0.7273E-14
4.644	-0.6980E-14
5.014	-0.6829E-14
5.415	-0.6423E-14
5.847	-0.5753E-14
6.313	-0.5584E-14
6.817	-0.5418E-14
7.361	-0.5262E-14
7.948	-0.5105E-14
8.583	-0.4954E-14
9.268	-0.4811E-14
10.01	-0.4674E-14
10.81	-0.4544E-14
11.67	-0.4422E-14
12.60	-0.4305E-14
13.60	-0.4194E-14
14.69	-0.4090E-14
15.86	-0.3993E-14
17.13	-0.3904E-14
18.50	-0.3824E-14
19.97	-0.3754E-14
21.57	-0.3693E-14
23.29	-0.3644E-14
25.14	-0.3606E-14
27.15	-0.3578E-14
29.32	-0.3562E-14
31.66	-0.3557E-14
34.18	-0.3562E-14
36.91	-0.3577E-14
39.86	-0.3598E-14
43.04	-0.3625E-14
46.47	-0.3657E-14
50.18	-0.3692E-14
54.18	-0.3728E-14
58.51	-0.3767E-14
63.18	-0.3806E-14
68.22	-0.3847E-14
73.66	-0.3887E-14
79.54	-0.3927E-14
85.89	-0.3967E-14
92.74	-0.4007E-14
100.1	-0.4045E-14
108.1	-0.4080E-14
116.8	-0.4115E-14
126.1	-0.4140E-14
136.1	-0.4157E-14
147.0	-0.4162E-14
158.7	-0.4147E-14
171.4	-0.4112E-14
185.1	-0.4047E-14
199.9	-0.3941E-14
215.8	-0.3781E-14
233.0	-0.3552E-14
251.6	-0.3235E-14
271.7	-0.2806E-14
293.4	-0.2240E-14
316.8	-0.1498E-14
342.1	-0.5426E-15
369.4	0.6729E-15
398.9	0.2204E-14
430.7	0.4115E-14
465.0	0.6482E-14
502.2	0.9393E-14
542.2	0.1295E-13
585.5	0.1727E-13
632.2	0.2251E-13
682.7	0.2881E-13
737.2	0.3638E-13
796.0	0.4544E-13
859.5	0.5625E-13
928.1	0.6913E-13
1002.	0.8445E-13
1082.	0.1026E-12
1168.	0.1242E-12
1262.	0.1497E-12
1362.	0.1799E-12
1471.	0.2155E-12
1589.	0.2576E-12
1715.	0.3074E-12
1852.	0.3660E-12
2000.	0.4352E-12
 
 
E/N (Td)	Maximum energy
1.000	1.341
1.080	1.341
1.166	1.341
1.259	1.563
1.359	1.563
1.468	1.563
1.585	1.563
1.712	1.563
1.848	1.563
1.996	1.563
2.155	1.821
2.327	1.821
2.513	3.355
2.713	3.355
2.930	3.908
3.163	3.908
3.416	3.908
3.688	4.551
3.983	5.301
4.301	6.173
4.644	7.189
5.014	7.189
5.415	8.372
5.847	11.35
6.313	11.35
6.817	11.35
7.361	13.22
7.948	13.22
8.583	13.22
9.268	13.22
10.01	13.22
10.81	13.22
11.67	15.39
12.60	15.39
13.60	15.39
14.69	15.39
15.86	15.39
17.13	15.39
18.50	17.92
19.97	17.92
21.57	17.92
23.29	17.92
25.14	20.87
27.15	20.87
29.32	20.87
31.66	20.87
34.18	20.87
36.91	24.30
39.86	24.30
43.04	24.30
46.47	24.30
50.18	24.30
54.18	28.30
58.51	28.30
63.18	28.30
68.22	28.30
73.66	28.30
79.54	32.95
85.89	32.95
92.74	32.95
100.1	32.95
108.1	32.95
116.8	38.36
126.1	38.36
136.1	38.36
147.0	38.36
158.7	44.67
171.4	44.67
185.1	44.67
199.9	44.67
215.8	44.67
233.0	52.01
251.6	52.01
271.7	52.01
293.4	60.55
316.8	60.55
342.1	60.55
369.4	60.55
398.9	70.51
430.7	70.51
465.0	70.51
502.2	82.09
542.2	82.09
585.5	82.09
632.2	95.58
682.7	95.58
737.2	95.58
796.0	111.3
859.5	111.3
928.1	111.3
1002.	129.6
1082.	129.6
1168.	150.9
1262.	150.9
1362.	175.6
1471.	175.6
1589.	204.5
1715.	204.5
1852.	238.1
2000.	238.1
 
 
E/N (Td)	# of iterations
1.000	276.0
1.080	279.0
1.166	279.0
1.259	386.0
1.359	388.0
1.468	387.0
1.585	388.0
1.712	387.0
1.848	390.0
1.996	389.0
2.155	533.0
2.327	529.0
2.513	1187.
2.713	111.0
2.930	279.0
3.163	156.0
3.416	145.0
3.688	240.0
3.983	202.0
4.301	181.0
4.644	195.0
5.014	102.0
5.415	183.0
5.847	232.0
6.313	69.00
6.817	66.00
7.361	124.0
7.948	59.00
8.583	54.00
9.268	49.00
10.01	40.00
10.81	41.00
11.67	76.00
12.60	36.00
13.60	35.00
14.69	33.00
15.86	31.00
17.13	30.00
18.50	55.00
19.97	26.00
21.57	25.00
23.29	24.00
25.14	46.00
27.15	21.00
29.32	20.00
31.66	19.00
34.18	17.00
36.91	32.00
39.86	15.00
43.04	14.00
46.47	13.00
50.18	12.00
54.18	22.00
58.51	11.00
63.18	10.00
68.22	10.00
73.66	9.000
79.54	18.00
85.89	9.000
92.74	8.000
100.1	8.000
108.1	8.000
116.8	16.00
126.1	7.000
136.1	7.000
147.0	7.000
158.7	14.00
171.4	7.000
185.1	7.000
199.9	7.000
215.8	6.000
233.0	12.00
251.6	6.000
271.7	6.000
293.4	12.00
316.8	6.000
342.1	6.000
369.4	6.000
398.9	12.00
430.7	6.000
465.0	6.000
502.2	12.00
542.2	6.000
585.5	7.000
632.2	14.00
682.7	7.000
737.2	7.000
796.0	14.00
859.5	7.000
928.1	7.000
1002.	14.00
1082.	7.000
1168.	15.00
1262.	8.000
1362.	16.00
1471.	8.000
1589.	16.00
1715.	8.000
1852.	16.00
2000.	8.000
 
 
E/N (Td)	# of grid trials
1.000	6.000
1.080	6.000
1.166	6.000
1.259	7.000
1.359	7.000
1.468	7.000
1.585	7.000
1.712	7.000
1.848	7.000
1.996	7.000
2.155	2.000
2.327	1.000
2.513	5.000
2.713	1.000
2.930	2.000
3.163	1.000
3.416	1.000
3.688	2.000
3.983	2.000
4.301	2.000
4.644	2.000
5.014	1.000
5.415	2.000
5.847	3.000
6.313	1.000
6.817	1.000
7.361	2.000
7.948	1.000
8.583	1.000
9.268	1.000
10.01	1.000
10.81	1.000
11.67	2.000
12.60	1.000
13.60	1.000
14.69	1.000
15.86	1.000
17.13	1.000
18.50	2.000
19.97	1.000
21.57	1.000
23.29	1.000
25.14	2.000
27.15	1.000
29.32	1.000
31.66	1.000
34.18	1.000
36.91	2.000
39.86	1.000
43.04	1.000
46.47	1.000
50.18	1.000
54.18	2.000
58.51	1.000
63.18	1.000
68.22	1.000
73.66	1.000
79.54	2.000
85.89	1.000
92.74	1.000
100.1	1.000
108.1	1.000
116.8	2.000
126.1	1.000
136.1	1.000
147.0	1.000
158.7	2.000
171.4	1.000
185.1	1.000
199.9	1.000
215.8	1.000
233.0	2.000
251.6	1.000
271.7	1.000
293.4	2.000
316.8	1.000
342.1	1.000
369.4	1.000
398.9	2.000
430.7	1.000
465.0	1.000
502.2	2.000
542.2	1.000
585.5	1.000
632.2	2.000
682.7	1.000
737.2	1.000
796.0	2.000
859.5	1.000
928.1	1.000
1002.	2.000
1082.	1.000
1168.	2.000
1262.	1.000
1362.	2.000
1471.	1.000
1589.	2.000
1715.	1.000
1852.	2.000
2000.	1.000
 
 
E/N (Td)	Error code
1.000	1.000
1.080	1.000
1.166	1.000
1.259	1.000
1.359	1.000
1.468	1.000
1.585	1.000
1.712	1.000
1.848	1.000
1.996	0.000
2.155	0.000
2.327	0.000
2.513	0.000
2.713	0.000
2.930	0.000
3.163	0.000
3.416	0.000
3.688	0.000
3.983	0.000
4.301	0.000
4.644	0.000
5.014	0.000
5.415	0.000
5.847	0.000
6.313	0.000
6.817	0.000
7.361	0.000
7.948	0.000
8.583	0.000
9.268	0.000
10.01	0.000
10.81	0.000
11.67	0.000
12.60	0.000
13.60	0.000
14.69	0.000
15.86	0.000
17.13	0.000
18.50	0.000
19.97	0.000
21.57	0.000
23.29	0.000
25.14	0.000
27.15	0.000
29.32	0.000
31.66	0.000
34.18	0.000
36.91	0.000
39.86	0.000
43.04	0.000
46.47	0.000
50.18	0.000
54.18	0.000
58.51	0.000
63.18	0.000
68.22	0.000
73.66	0.000
79.54	0.000
85.89	0.000
92.74	0.000
100.1	0.000
108.1	0.000
116.8	0.000
126.1	0.000
136.1	0.000
147.0	0.000
158.7	0.000
171.4	0.000
185.1	0.000
199.9	0.000
215.8	0.000
233.0	0.000
251.6	0.000
271.7	0.000
293.4	0.000
316.8	0.000
342.1	0.000
369.4	0.000
398.9	0.000
430.7	0.000
465.0	0.000
502.2	0.000
542.2	0.000
585.5	0.000
632.2	0.000
682.7	0.000
737.2	0.000
796.0	0.000
859.5	0.000
928.1	0.000
1002.	0.000
1082.	0.000
1168.	0.000
1262.	0.000
1362.	0.000
1471.	0.000
1589.	0.000
1715.	0.000
1852.	0.000
2000.	0.000
 
 
C1    SF6    Attachment                                         
E/N (Td)	Rate coefficient (m3/s)
1.000	0.4873E-30
1.080	0.6377E-30
1.166	0.8876E-30
1.259	0.5515E-29
1.359	0.9021E-29
1.468	0.1594E-28
1.585	0.3053E-28
1.712	0.6399E-28
1.848	0.1455E-27
1.996	0.3511E-27
2.155	0.1482E-26
2.327	0.5006E-26
2.513	0.5678E-20
2.713	0.7246E-20
2.930	0.1271E-19
3.163	0.1666E-19
3.416	0.2205E-19
3.688	0.5074E-19
3.983	0.1530E-18
4.301	0.3222E-18
4.644	0.5814E-18
5.014	0.7500E-18
5.415	0.1542E-17
5.847	0.5807E-17
6.313	0.7929E-17
6.817	0.1072E-16
7.361	0.1415E-16
7.948	0.1859E-16
8.583	0.2394E-16
9.268	0.3019E-16
10.01	0.3726E-16
10.81	0.4501E-16
11.67	0.5311E-16
12.60	0.6151E-16
13.60	0.6981E-16
14.69	0.7773E-16
15.86	0.8506E-16
17.13	0.9167E-16
18.50	0.9751E-16
19.97	0.1027E-15
21.57	0.1072E-15
23.29	0.1113E-15
25.14	0.1149E-15
27.15	0.1182E-15
29.32	0.1211E-15
31.66	0.1236E-15
34.18	0.1258E-15
36.91	0.1276E-15
39.86	0.1290E-15
43.04	0.1302E-15
46.47	0.1313E-15
50.18	0.1322E-15
54.18	0.1329E-15
58.51	0.1337E-15
63.18	0.1344E-15
68.22	0.1350E-15
73.66	0.1356E-15
79.54	0.1362E-15
85.89	0.1368E-15
92.74	0.1373E-15
100.1	0.1377E-15
108.1	0.1380E-15
116.8	0.1383E-15
126.1	0.1385E-15
136.1	0.1385E-15
147.0	0.1385E-15
158.7	0.1382E-15
171.4	0.1379E-15
185.1	0.1374E-15
199.9	0.1367E-15
215.8	0.1359E-15
233.0	0.1349E-15
251.6	0.1338E-15
271.7	0.1325E-15
293.4	0.1310E-15
316.8	0.1294E-15
342.1	0.1276E-15
369.4	0.1257E-15
398.9	0.1237E-15
430.7	0.1216E-15
465.0	0.1193E-15
502.2	0.1170E-15
542.2	0.1145E-15
585.5	0.1120E-15
632.2	0.1094E-15
682.7	0.1068E-15
737.2	0.1041E-15
796.0	0.1013E-15
859.5	0.9852E-16
928.1	0.9567E-16
1002.	0.9278E-16
1082.	0.8986E-16
1168.	0.8691E-16
1262.	0.8392E-16
1362.	0.8091E-16
1471.	0.7788E-16
1589.	0.7485E-16
1715.	0.7179E-16
1852.	0.6874E-16
2000.	0.6569E-16
 
 
C2    SF6    Attachment                                         
E/N (Td)	Rate coefficient (m3/s)
1.000	0.7868E-14
1.080	0.7891E-14
1.166	0.7912E-14
1.259	0.7932E-14
1.359	0.7949E-14
1.468	0.7964E-14
1.585	0.7975E-14
1.712	0.7982E-14
1.848	0.7985E-14
1.996	0.7986E-14
2.155	0.7986E-14
2.327	0.7988E-14
2.513	0.7249E-14
2.713	0.7165E-14
2.930	0.6946E-14
3.163	0.6822E-14
3.416	0.6682E-14
3.688	0.6223E-14
3.983	0.5475E-14
4.301	0.4862E-14
4.644	0.4321E-14
5.014	0.4076E-14
5.415	0.3455E-14
5.847	0.2571E-14
6.313	0.2378E-14
6.817	0.2194E-14
7.361	0.2027E-14
7.948	0.1862E-14
8.583	0.1707E-14
9.268	0.1562E-14
10.01	0.1427E-14
10.81	0.1302E-14
11.67	0.1187E-14
12.60	0.1081E-14
13.60	0.9842E-15
14.69	0.8976E-15
15.86	0.8207E-15
17.13	0.7533E-15
18.50	0.6949E-15
19.97	0.6443E-15
21.57	0.6008E-15
23.29	0.5635E-15
25.14	0.5314E-15
27.15	0.5040E-15
29.32	0.4807E-15
31.66	0.4612E-15
34.18	0.4449E-15
36.91	0.4313E-15
39.86	0.4202E-15
43.04	0.4109E-15
46.47	0.4029E-15
50.18	0.3957E-15
54.18	0.3893E-15
58.51	0.3830E-15
63.18	0.3769E-15
68.22	0.3708E-15
73.66	0.3647E-15
79.54	0.3585E-15
85.89	0.3521E-15
92.74	0.3455E-15
100.1	0.3388E-15
108.1	0.3318E-15
116.8	0.3245E-15
126.1	0.3171E-15
136.1	0.3095E-15
147.0	0.3018E-15
158.7	0.2938E-15
171.4	0.2857E-15
185.1	0.2774E-15
199.9	0.2690E-15
215.8	0.2605E-15
233.0	0.2519E-15
251.6	0.2432E-15
271.7	0.2345E-15
293.4	0.2258E-15
316.8	0.2172E-15
342.1	0.2087E-15
369.4	0.2002E-15
398.9	0.1920E-15
430.7	0.1838E-15
465.0	0.1759E-15
502.2	0.1682E-15
542.2	0.1607E-15
585.5	0.1534E-15
632.2	0.1463E-15
682.7	0.1395E-15
737.2	0.1330E-15
796.0	0.1266E-15
859.5	0.1205E-15
928.1	0.1146E-15
1002.	0.1090E-15
1082.	0.1035E-15
1168.	0.9830E-16
1262.	0.9326E-16
1362.	0.8840E-16
1471.	0.8373E-16
1589.	0.7923E-16
1715.	0.7489E-16
1852.	0.7072E-16
2000.	0.6670E-16
 
 
C3    SF6    Attachment                                         
E/N (Td)	Rate coefficient (m3/s)
1.000	0.2110E-13
1.080	0.2082E-13
1.166	0.2056E-13
1.259	0.2033E-13
1.359	0.2010E-13
1.468	0.1989E-13
1.585	0.1969E-13
1.712	0.1950E-13
1.848	0.1933E-13
1.996	0.1914E-13
2.155	0.1894E-13
2.327	0.1870E-13
2.513	0.1055E-13
2.713	0.1001E-13
2.930	0.8901E-14
3.163	0.8351E-14
3.416	0.7801E-14
3.688	0.6393E-14
3.983	0.4738E-14
4.301	0.3726E-14
4.644	0.3005E-14
5.014	0.2717E-14
5.415	0.2085E-14
5.847	0.1363E-14
6.313	0.1227E-14
6.817	0.1104E-14
7.361	0.9978E-15
7.948	0.8978E-15
8.583	0.8081E-15
9.268	0.7276E-15
10.01	0.6554E-15
10.81	0.5908E-15
11.67	0.5336E-15
12.60	0.4822E-15
13.60	0.4371E-15
14.69	0.3978E-15
15.86	0.3640E-15
17.13	0.3353E-15
18.50	0.3113E-15
19.97	0.2914E-15
21.57	0.2752E-15
23.29	0.2620E-15
25.14	0.2518E-15
27.15	0.2438E-15
29.32	0.2379E-15
31.66	0.2340E-15
34.18	0.2318E-15
36.91	0.2313E-15
39.86	0.2319E-15
43.04	0.2336E-15
46.47	0.2360E-15
50.18	0.2389E-15
54.18	0.2420E-15
58.51	0.2454E-15
63.18	0.2488E-15
68.22	0.2522E-15
73.66	0.2554E-15
79.54	0.2581E-15
85.89	0.2608E-15
92.74	0.2632E-15
100.1	0.2652E-15
108.1	0.2668E-15
116.8	0.2686E-15
126.1	0.2692E-15
136.1	0.2692E-15
147.0	0.2688E-15
158.7	0.2672E-15
171.4	0.2656E-15
185.1	0.2633E-15
199.9	0.2603E-15
215.8	0.2568E-15
233.0	0.2524E-15
251.6	0.2477E-15
271.7	0.2424E-15
293.4	0.2369E-15
316.8	0.2307E-15
342.1	0.2240E-15
369.4	0.2171E-15
398.9	0.2099E-15
430.7	0.2025E-15
465.0	0.1951E-15
502.2	0.1876E-15
542.2	0.1801E-15
585.5	0.1728E-15
632.2	0.1655E-15
682.7	0.1584E-15
737.2	0.1514E-15
796.0	0.1446E-15
859.5	0.1379E-15
928.1	0.1315E-15
1002.	0.1252E-15
1082.	0.1191E-15
1168.	0.1132E-15
1262.	0.1075E-15
1362.	0.1020E-15
1471.	0.9670E-16
1589.	0.9156E-16
1715.	0.8660E-16
1852.	0.8183E-16
2000.	0.7721E-16
 
 
C4    SF6    Effective (momentum)                               
E/N (Td)	Rate coefficient (m3/s)
1.000	0.6366E-13
1.080	0.6321E-13
1.166	0.6279E-13
1.259	0.6241E-13
1.359	0.6205E-13
1.468	0.6171E-13
1.585	0.6138E-13
1.712	0.6109E-13
1.848	0.6082E-13
1.996	0.6053E-13
2.155	0.6023E-13
2.327	0.5985E-13
2.513	0.4939E-13
2.713	0.4883E-13
2.930	0.4783E-13
3.163	0.4740E-13
3.416	0.4704E-13
3.688	0.4658E-13
3.983	0.4727E-13
4.301	0.4890E-13
4.644	0.5113E-13
5.014	0.5238E-13
5.415	0.5653E-13
5.847	0.6570E-13
6.313	0.6841E-13
6.817	0.7134E-13
7.361	0.7438E-13
7.948	0.7779E-13
8.583	0.8144E-13
9.268	0.8535E-13
10.01	0.8952E-13
10.81	0.9395E-13
11.67	0.9855E-13
12.60	0.1034E-12
13.60	0.1084E-12
14.69	0.1134E-12
15.86	0.1184E-12
17.13	0.1232E-12
18.50	0.1278E-12
19.97	0.1322E-12
21.57	0.1362E-12
23.29	0.1401E-12
25.14	0.1436E-12
27.15	0.1469E-12
29.32	0.1500E-12
31.66	0.1529E-12
34.18	0.1554E-12
36.91	0.1578E-12
39.86	0.1600E-12
43.04	0.1619E-12
46.47	0.1638E-12
50.18	0.1655E-12
54.18	0.1671E-12
58.51	0.1688E-12
63.18	0.1705E-12
68.22	0.1722E-12
73.66	0.1739E-12
79.54	0.1758E-12
85.89	0.1777E-12
92.74	0.1797E-12
100.1	0.1818E-12
108.1	0.1841E-12
116.8	0.1865E-12
126.1	0.1891E-12
136.1	0.1918E-12
147.0	0.1946E-12
158.7	0.1976E-12
171.4	0.2008E-12
185.1	0.2042E-12
199.9	0.2078E-12
215.8	0.2115E-12
233.0	0.2154E-12
251.6	0.2194E-12
271.7	0.2236E-12
293.4	0.2280E-12
316.8	0.2325E-12
342.1	0.2371E-12
369.4	0.2418E-12
398.9	0.2467E-12
430.7	0.2516E-12
465.0	0.2566E-12
502.2	0.2616E-12
542.2	0.2668E-12
585.5	0.2720E-12
632.2	0.2772E-12
682.7	0.2825E-12
737.2	0.2879E-12
796.0	0.2933E-12
859.5	0.2988E-12
928.1	0.3043E-12
1002.	0.3100E-12
1082.	0.3157E-12
1168.	0.3215E-12
1262.	0.3274E-12
1362.	0.3335E-12
1471.	0.3397E-12
1589.	0.3460E-12
1715.	0.3525E-12
1852.	0.3591E-12
2000.	0.3659E-12
 
 
C5    SF6    Excitation    0.095 eV                             
E/N (Td)	Rate coefficient (m3/s)
1.000	0.4319E-13
1.080	0.4322E-13
1.166	0.4324E-13
1.259	0.4328E-13
1.359	0.4331E-13
1.468	0.4335E-13
1.585	0.4338E-13
1.712	0.4343E-13
1.848	0.4347E-13
1.996	0.4352E-13
2.155	0.4357E-13
2.327	0.4363E-13
2.513	0.4663E-13
2.713	0.4685E-13
2.930	0.4735E-13
3.163	0.4760E-13
3.416	0.4786E-13
3.688	0.4850E-13
3.983	0.4909E-13
4.301	0.4918E-13
4.644	0.4896E-13
5.014	0.4877E-13
5.415	0.4794E-13
5.847	0.4584E-13
6.313	0.4521E-13
6.817	0.4455E-13
7.361	0.4387E-13
7.948	0.4313E-13
8.583	0.4236E-13
9.268	0.4157E-13
10.01	0.4075E-13
10.81	0.3991E-13
11.67	0.3908E-13
12.60	0.3824E-13
13.60	0.3741E-13
14.69	0.3661E-13
15.86	0.3584E-13
17.13	0.3512E-13
18.50	0.3446E-13
19.97	0.3385E-13
21.57	0.3330E-13
23.29	0.3279E-13
25.14	0.3234E-13
27.15	0.3192E-13
29.32	0.3154E-13
31.66	0.3121E-13
34.18	0.3091E-13
36.91	0.3064E-13
39.86	0.3041E-13
43.04	0.3020E-13
46.47	0.3001E-13
50.18	0.2983E-13
54.18	0.2967E-13
58.51	0.2950E-13
63.18	0.2934E-13
68.22	0.2918E-13
73.66	0.2901E-13
79.54	0.2884E-13
85.89	0.2866E-13
92.74	0.2847E-13
100.1	0.2828E-13
108.1	0.2808E-13
116.8	0.2787E-13
126.1	0.2766E-13
136.1	0.2743E-13
147.0	0.2720E-13
158.7	0.2696E-13
171.4	0.2670E-13
185.1	0.2644E-13
199.9	0.2617E-13
215.8	0.2589E-13
233.0	0.2561E-13
251.6	0.2532E-13
271.7	0.2502E-13
293.4	0.2471E-13
316.8	0.2440E-13
342.1	0.2409E-13
369.4	0.2378E-13
398.9	0.2347E-13
430.7	0.2315E-13
465.0	0.2284E-13
502.2	0.2253E-13
542.2	0.2222E-13
585.5	0.2191E-13
632.2	0.2161E-13
682.7	0.2131E-13
737.2	0.2101E-13
796.0	0.2072E-13
859.5	0.2043E-13
928.1	0.2015E-13
1002.	0.1987E-13
1082.	0.1960E-13
1168.	0.1933E-13
1262.	0.1907E-13
1362.	0.1881E-13
1471.	0.1856E-13
1589.	0.1831E-13
1715.	0.1806E-13
1852.	0.1782E-13
2000.	0.1758E-13
 
 
C6    SF6    Excitation    10.00 eV                             
E/N (Td)	Rate coefficient (m3/s)
1.000	0.000
1.080	0.000
1.166	0.000
1.259	0.000
1.359	0.000
1.468	0.000
1.585	0.000
1.712	0.000
1.848	0.000
1.996	0.000
2.155	0.000
2.327	0.000
2.513	0.000
2.713	0.000
2.930	0.000
3.163	0.000
3.416	0.000
3.688	0.000
3.983	0.000
4.301	0.000
4.644	0.000
5.014	0.000
5.415	0.000
5.847	0.5958E-24
6.313	0.3687E-23
6.817	0.1970E-22
7.361	0.8682E-22
7.948	0.3606E-21
8.583	0.1327E-20
9.268	0.4370E-20
10.01	0.1301E-19
10.81	0.3530E-19
11.67	0.8705E-19
12.60	0.2009E-18
13.60	0.4301E-18
14.69	0.8579E-18
15.86	0.1601E-17
17.13	0.2810E-17
18.50	0.4643E-17
19.97	0.7314E-17
21.57	0.1101E-16
23.29	0.1592E-16
25.14	0.2224E-16
27.15	0.3023E-16
29.32	0.4010E-16
31.66	0.5206E-16
34.18	0.6632E-16
36.91	0.8308E-16
39.86	0.1026E-15
43.04	0.1250E-15
46.47	0.1506E-15
50.18	0.1798E-15
54.18	0.2129E-15
58.51	0.2505E-15
63.18	0.2931E-15
68.22	0.3413E-15
73.66	0.3959E-15
79.54	0.4574E-15
85.89	0.5269E-15
92.74	0.6051E-15
100.1	0.6928E-15
108.1	0.7910E-15
116.8	0.9005E-15
126.1	0.1022E-14
136.1	0.1156E-14
147.0	0.1304E-14
158.7	0.1465E-14
171.4	0.1640E-14
185.1	0.1829E-14
199.9	0.2032E-14
215.8	0.2249E-14
233.0	0.2478E-14
251.6	0.2718E-14
271.7	0.2969E-14
293.4	0.3229E-14
316.8	0.3496E-14
342.1	0.3770E-14
369.4	0.4047E-14
398.9	0.4327E-14
430.7	0.4607E-14
465.0	0.4887E-14
502.2	0.5165E-14
542.2	0.5439E-14
585.5	0.5710E-14
632.2	0.5975E-14
682.7	0.6234E-14
737.2	0.6487E-14
796.0	0.6732E-14
859.5	0.6970E-14
928.1	0.7199E-14
1002.	0.7421E-14
1082.	0.7633E-14
1168.	0.7836E-14
1262.	0.8029E-14
1362.	0.8211E-14
1471.	0.8382E-14
1589.	0.8542E-14
1715.	0.8690E-14
1852.	0.8825E-14
2000.	0.8946E-14
 
 
C7    SF6    Excitation    11.70 eV                             
E/N (Td)	Rate coefficient (m3/s)
1.000	0.000
1.080	0.000
1.166	0.000
1.259	0.000
1.359	0.000
1.468	0.000
1.585	0.000
1.712	0.000
1.848	0.000
1.996	0.000
2.155	0.000
2.327	0.000
2.513	0.000
2.713	0.000
2.930	0.000
3.163	0.000
3.416	0.000
3.688	0.000
3.983	0.000
4.301	0.000
4.644	0.000
5.014	0.000
5.415	0.000
5.847	0.000
6.313	0.000
6.817	0.000
7.361	0.1149E-27
7.948	0.1052E-26
8.583	0.8101E-26
9.268	0.5334E-25
10.01	0.3029E-24
10.81	0.1498E-23
11.67	0.6560E-23
12.60	0.2532E-22
13.60	0.8732E-22
14.69	0.2710E-21
15.86	0.7617E-21
17.13	0.1952E-20
18.50	0.4598E-20
19.97	0.1001E-19
21.57	0.2031E-19
23.29	0.3873E-19
25.14	0.7004E-19
27.15	0.1207E-18
29.32	0.1995E-18
31.66	0.3179E-18
34.18	0.4903E-18
36.91	0.7345E-18
39.86	0.1072E-17
43.04	0.1528E-17
46.47	0.2137E-17
50.18	0.2937E-17
54.18	0.3978E-17
58.51	0.5322E-17
63.18	0.7047E-17
68.22	0.9247E-17
73.66	0.1204E-16
79.54	0.1558E-16
85.89	0.2005E-16
92.74	0.2567E-16
100.1	0.3271E-16
108.1	0.4151E-16
116.8	0.5247E-16
126.1	0.6604E-16
136.1	0.8278E-16
147.0	0.1033E-15
158.7	0.1284E-15
171.4	0.1589E-15
185.1	0.1958E-15
199.9	0.2401E-15
215.8	0.2930E-15
233.0	0.3560E-15
251.6	0.4305E-15
271.7	0.5182E-15
293.4	0.6211E-15
316.8	0.7410E-15
342.1	0.8805E-15
369.4	0.1042E-14
398.9	0.1229E-14
430.7	0.1444E-14
465.0	0.1691E-14
502.2	0.1975E-14
542.2	0.2300E-14
585.5	0.2672E-14
632.2	0.3097E-14
682.7	0.3581E-14
737.2	0.4133E-14
796.0	0.4761E-14
859.5	0.5475E-14
928.1	0.6286E-14
1002.	0.7206E-14
1082.	0.8248E-14
1168.	0.9426E-14
1262.	0.1076E-13
1362.	0.1225E-13
1471.	0.1394E-13
1589.	0.1583E-13
1715.	0.1795E-13
1852.	0.2032E-13
2000.	0.2297E-13
 
 
C8    SF6    Excitation    15.00 eV                             
E/N (Td)	Rate coefficient (m3/s)
1.000	0.000
1.080	0.000
1.166	0.000
1.259	0.000
1.359	0.000
1.468	0.000
1.585	0.000
1.712	0.000
1.848	0.000
1.996	0.000
2.155	0.000
2.327	0.000
2.513	0.000
2.713	0.000
2.930	0.000
3.163	0.000
3.416	0.000
3.688	0.000
3.983	0.000
4.301	0.000
4.644	0.000
5.014	0.000
5.415	0.000
5.847	0.000
6.313	0.000
6.817	0.000
7.361	0.000
7.948	0.000
8.583	0.000
9.268	0.000
10.01	0.000
10.81	0.000
11.67	0.2202E-31
12.60	0.3154E-30
13.60	0.3709E-29
14.69	0.3611E-28
15.86	0.2937E-27
17.13	0.2014E-26
18.50	0.2182E-25
19.97	0.1167E-24
21.57	0.5467E-24
23.29	0.2271E-23
25.14	0.8639E-23
27.15	0.2901E-22
29.32	0.8909E-22
31.66	0.2524E-21
34.18	0.6634E-21
36.91	0.1641E-20
39.86	0.3783E-20
43.04	0.8248E-20
46.47	0.1710E-19
50.18	0.3386E-19
54.18	0.6450E-19
58.51	0.1181E-18
63.18	0.2093E-18
68.22	0.3597E-18
73.66	0.6017E-18
79.54	0.9823E-18
85.89	0.1566E-17
92.74	0.2442E-17
100.1	0.3735E-17
108.1	0.5606E-17
116.8	0.8274E-17
126.1	0.1200E-16
136.1	0.1714E-16
147.0	0.2410E-16
158.7	0.3343E-16
171.4	0.4573E-16
185.1	0.6176E-16
199.9	0.8239E-16
215.8	0.1086E-15
233.0	0.1416E-15
251.6	0.1827E-15
271.7	0.2334E-15
293.4	0.2954E-15
316.8	0.3704E-15
342.1	0.4607E-15
369.4	0.5684E-15
398.9	0.6963E-15
430.7	0.8473E-15
465.0	0.1024E-14
502.2	0.1231E-14
542.2	0.1472E-14
585.5	0.1752E-14
632.2	0.2074E-14
682.7	0.2446E-14
737.2	0.2874E-14
796.0	0.3363E-14
859.5	0.3923E-14
928.1	0.4562E-14
1002.	0.5290E-14
1082.	0.6117E-14
1168.	0.7054E-14
1262.	0.8115E-14
1362.	0.9312E-14
1471.	0.1066E-13
1589.	0.1218E-13
1715.	0.1387E-13
1852.	0.1578E-13
2000.	0.1790E-13
 
 
C9    SF6    Ionization    15.70 eV                             
E/N (Td)	Rate coefficient (m3/s)
1.000	0.000
1.080	0.000
1.166	0.000
1.259	0.000
1.359	0.000
1.468	0.000
1.585	0.000
1.712	0.000
1.848	0.000
1.996	0.000
2.155	0.000
2.327	0.000
2.513	0.000
2.713	0.000
2.930	0.000
3.163	0.000
3.416	0.000
3.688	0.000
3.983	0.000
4.301	0.000
4.644	0.000
5.014	0.000
5.415	0.000
5.847	0.000
6.313	0.000
6.817	0.000
7.361	0.000
7.948	0.000
8.583	0.000
9.268	0.000
10.01	0.000
10.81	0.000
11.67	0.000
12.60	0.000
13.60	0.000
14.69	0.000
15.86	0.000
17.13	0.000
18.50	0.7662E-27
19.97	0.5097E-26
21.57	0.2940E-25
23.29	0.1487E-24
25.14	0.6941E-24
27.15	0.2790E-23
29.32	0.1017E-22
31.66	0.3389E-22
34.18	0.1039E-21
36.91	0.2978E-21
39.86	0.7862E-21
43.04	0.1946E-20
46.47	0.4538E-20
50.18	0.1003E-19
54.18	0.2115E-19
58.51	0.4251E-19
63.18	0.8201E-19
68.22	0.1525E-18
73.66	0.2743E-18
79.54	0.4789E-18
85.89	0.8121E-18
92.74	0.1343E-17
100.1	0.2168E-17
108.1	0.3427E-17
116.8	0.5312E-17
126.1	0.8075E-17
136.1	0.1206E-16
147.0	0.1772E-16
158.7	0.2562E-16
171.4	0.3650E-16
185.1	0.5125E-16
199.9	0.7097E-16
215.8	0.9699E-16
233.0	0.1309E-15
251.6	0.1745E-15
271.7	0.2299E-15
293.4	0.2997E-15
316.8	0.3864E-15
342.1	0.4932E-15
369.4	0.6237E-15
398.9	0.7816E-15
430.7	0.9712E-15
465.0	0.1197E-14
502.2	0.1465E-14
542.2	0.1781E-14
585.5	0.2151E-14
632.2	0.2582E-14
682.7	0.3082E-14
737.2	0.3661E-14
796.0	0.4328E-14
859.5	0.5093E-14
928.1	0.5969E-14
1002.	0.6970E-14
1082.	0.8109E-14
1168.	0.9404E-14
1262.	0.1087E-13
1362.	0.1253E-13
1471.	0.1440E-13
1589.	0.1651E-13
1715.	0.1887E-13
1852.	0.2152E-13
2000.	0.2448E-13
 
 
SF6                                                             
E/N (Td)	Inelastic energy loss coefficient (eV m3/s)
1.000	0.8515E-14
1.080	0.8511E-14
1.166	0.8507E-14
1.259	0.8504E-14
1.359	0.8501E-14
1.468	0.8497E-14
1.585	0.8494E-14
1.712	0.8491E-14
1.848	0.8487E-14
1.996	0.8484E-14
2.155	0.8481E-14
2.327	0.8476E-14
2.513	0.8241E-14
2.713	0.8217E-14
2.930	0.8157E-14
3.163	0.8121E-14
3.416	0.8080E-14
3.688	0.7931E-14
3.983	0.7640E-14
4.301	0.7352E-14
4.644	0.7060E-14
5.014	0.6916E-14
5.415	0.6508E-14
5.847	0.5829E-14
6.313	0.5668E-14
6.817	0.5510E-14
7.361	0.5364E-14
7.948	0.5217E-14
8.583	0.5077E-14
9.268	0.4946E-14
10.01	0.4823E-14
10.81	0.4708E-14
11.67	0.4603E-14
12.60	0.4504E-14
13.60	0.4414E-14
14.69	0.4334E-14
15.86	0.4265E-14
17.13	0.4207E-14
18.50	0.4163E-14
19.97	0.4134E-14
21.57	0.4122E-14
23.29	0.4128E-14
25.14	0.4155E-14
27.15	0.4203E-14
29.32	0.4275E-14
31.66	0.4372E-14
34.18	0.4497E-14
36.91	0.4651E-14
39.86	0.4835E-14
43.04	0.5053E-14
46.47	0.5305E-14
50.18	0.5597E-14
54.18	0.5932E-14
58.51	0.6317E-14
63.18	0.6756E-14
68.22	0.7259E-14
73.66	0.7834E-14
79.54	0.8490E-14
85.89	0.9241E-14
92.74	0.1010E-13
100.1	0.1108E-13
108.1	0.1220E-13
116.8	0.1348E-13
126.1	0.1493E-13
136.1	0.1659E-13
147.0	0.1848E-13
158.7	0.2063E-13
171.4	0.2307E-13
185.1	0.2585E-13
199.9	0.2899E-13
215.8	0.3254E-13
233.0	0.3657E-13
251.6	0.4111E-13
271.7	0.4624E-13
293.4	0.5204E-13
316.8	0.5856E-13
342.1	0.6592E-13
369.4	0.7420E-13
398.9	0.8354E-13
430.7	0.9406E-13
465.0	0.1059E-12
502.2	0.1193E-12
542.2	0.1344E-12
585.5	0.1514E-12
632.2	0.1705E-12
682.7	0.1922E-12
737.2	0.2166E-12
796.0	0.2442E-12
859.5	0.2753E-12
928.1	0.3104E-12
1002.	0.3499E-12
1082.	0.3945E-12
1168.	0.4446E-12
1262.	0.5010E-12
1362.	0.5643E-12
1471.	0.6353E-12
1589.	0.7148E-12
1715.	0.8036E-12
1852.	0.9028E-12
2000.	0.1013E-11
 
 
